Tabulae X. Sectl 9 Orionis.

1750Jan. 9 19191119 91991999 11991111 1 19116999 9, 79
199 19 99199 1177 19119 19911
111. 19 99199 1999 111. 19 19999
9991 99199 1911 99. 91 19 999
nec. 99 99199 991 Dec. 66 19199

91199,,1999,199999
999 Apim 99999

51,769 7,88 09927 24165
119966 51,667 7,71 Dec. 66 24262

17551911. 0 54154944 4 720 9,82 17651911. 0 5422717814- 721
199 10 54,841 935 19910 27 ,569
Jul. 19 54,740 1127 Jul. 19 27,662
09127 54,640 9,86 09127 27,752
119966 54541 9,58 119966 27,889

17561911. 1 54157,817-1-72011,04 17661911. 0 54281054 4 72(
19910 57,719 1126 19910 89189
Jul. 19 57,626 11,56 - ul. 19 81218
00127 57,588 11,98 09127 81291

119966 57,454Ι 12,86 119966 81859

1191191. 9 999 999191991919 1191111. 9 9199999119191
19910 0,644 1426 19910 84645
111. 19 9911 1199 111 19 99191
9991 9999 1999 99991 91999
119966 0,445 16,oe 119966 84792

1758199 0 542 8,707 ÷ 7201799 17681119 1 54288072 ÷ 721
19910 · 8654 18,07 19910 88058
Jul. 19 8608 1879 Jul. 19 88085
09927 8,571 19⁶3 09627 88108
119966 8548 907³ 119966 88118

1199119. 9 999 9999 9Γ 1999199 1199111. 9 99991999 9, 199
991993 2⁹ng {³248 19910 41858
5991 9999 9969 1191911 11911
99999 9999 9999 99999 91919

1199191. 9 991999999199 9911991991 99999919 1919,
Ι91999 999 11119 99999

 

