Tabula. Vm.
1789.

Ιιομ 19911 Ιιομ) Ιιοςλ) Lnga E

WWWWUWW

999 ο 99999 99999 99999. 99999 ,ιὸ99
99 99999 99999 999999 99999 , 9999
99999 99999 999999 99999 , 9999

99999 99999 999999 99999 , 9999

. 99999 99999 99999. 99999 , 40,oe

99999 99999 999999 99999 , 9999
. 99999 99999 99999. 99999 9999
99999 99999 999999 99999 9999
99999 99999 999999 999999 99999 9999
99999 99999 99999. 99999. 99999 9999

99999 99999 999999 999999 99999 9999
99999 99999 999999 1,0047u 99999 9999
99999 99999 99999. 99999.. 99999 9999
99999 99999 99999. 99999. 99999 9999
zo 99999 99999 99999, 999999 99999 9999

9,8811 0,7101 Ι 0,88419ι 1,27519 9,6128 4 0,06
98618 07249 0, 58749 139699 9, 6404 4 0,oe
9‚8722 07845 9 9074 9 1,8061 9 9, 6667 4 0,05
9,8918 0,7889 08660 1, 8088 n 9 6915 4 0,05
99101 07885 omo 198882 n 9,7150 4 0,05

99999 99999 999999 99999 9999
99999 99999 99999. 99999 9999
99999 99999 999999 99999 9999
99999 99999 99999. 99999 9999
99999 99999 999999 99999 9999

99999 99999 omo„ 99999 9999
99999 99999 99999. 99999 9999
99999 99999 99999 9999
99999 99999 0’6688 99999 9999
99999 99999 99999 99999 9999

99999 99999 99999 99999 9999
99999 99999 99999 99999 9999
99999 99999 99999 99999 9999
99999 99999 99999 99999 9999
99999 99999 99999 99999 9999

99999 99999 99999 99999 9999
09959 omer„ 99999 99999 9999
098855 omn 99999 omn 9999

 

