⁸ Tabulae X. Soet. lv. 0 Ursae 7708770780.

lotus Arg.
0090 0

000 007
005 070
000 110
010 140
019 199
010 019
010, 050
021 999
000 929
000 005

“ 110000
Arg. 010 Arg.
vnn-*ww-

000 -ὅ,080 500

010 -0,090 510

· 020 -0‚09÷ 500

090 -0,000 500
040 -0,010 040
050 -0,010 550
000 -0,010 500
070 0‚00 570
000 0‚00 500
000 0‚00 500
100 0001- 000
110 νο0,01- 010
120 00οο- 620
100 0000- 080
140 0002- 640
150 0000- 660
100 0000- 660
170 0000- 670
100 0004- 680,
190 0004- 690
900 0004- 700

. 210 0004- 710

220 0005- 720
280 0005- 780
240 0005- 740
250 0005- 750
260 0005- 760
070 0000- 770
280 0006- 780
290 00,06- 790
000 0000- 000
910 ÷0,00- 010
000 0000- 000
880 0006- 880

. 040 0000- 040

850 0006- 850
860 0006- 860
870 0006- 870
880 0006- 880
890 0005- 890
400 0005- 900
410 0005- 010
420 0005- 920
480 4009- 990
440 0004- 900
450 0004- 950
460 0004- 960
470 0004- 970
480 0004- 980
490 0008- 990

4100
Arg. Arg. Α. 1³. Ded.

unm-mm

000 500 -800 06,οΞ

010 510 -0,40 00,οι . “

000 500 -090 000
090 500 -000 -ο,01
040 540 -0‚20 -0‚02
050 550 -0‚19 -0,09
000 000 -0,10 “-0,04
070 570 -0,17 -0,05
090 500 ..0,15 -0,05
090 500 -0,14, -0,00
100 600 -0‚12 -0‚07
110 010 -009 -0,07
100 000 -0,07 -0,00
190 000 -006 -006
140 040 -006 -006
150 050 0001 -006
100 000 0003 -008
170 070 0006 -0,00
100 000 0009 -007
190 000 0010 -007
200 700 40,oe -0,06
010 710 0014 -0,οο
000 700 0016 -005
200 700 0016 -0,04
040 740 0019 -000
250 750 0020 -ο,02
260 750 4020 -0,01
270 770 0000 000 ·
000 700 0009 0000
000 000 0019 0000
010 010 00,18 0004
000 000 0017 0005
990 990 0016 0005
040 040 0014 0000
350 850 0012 40,OE
900 000 0009 0007
070 070 0007 0000

’000 000 0006 00,οο

990 990 0092 0006
000 900 -001 0006
410 010 ..0,08 00οο
400 920 -006 00,οο
090 990 -0‚⁰8 0007
440 040 -019 0007
450 050 -010 0006
060 960 ..0‚14 4096
470 970 -0‚16 ÷0‚0⁵
090 990 -016 0001
400 990 -0‚19 0003

 

