Tabulae X. Soet. V. 7519597755.

’55991445 9105145579 4414455795 5949544. 5505599477 4484551574
Apr. 591 49454 zzz} mg 59),ἑὸεὲ ³⁴³⁴ss
1951997 93989 {3:⁵1 9977 59749 5554
09966 1032? 2298 09966 89781 , 5817

4955 san. 9495549799 4549475545 5944 san. 495949555 44955449
759 999 99 795 199 *95
{m} {2333 {⁹3:3ss 3325} 893 1911

495594. 5495945595 4549459795 4545544. 9599945999 45995555
99.. 559 99 99
95997 451599 9595 95997 45ζ995 5777
09966 157188 34,26 05966 ‚45331 ⁵⁸,st

1888 1549 0193818‚356 41014 657
Αρτ. 10 18820 42, p . ‚ m
sul. 19 18‚292 , 812
, Oct-27 18272 «10719 8,87
Dec. 66 18960 9971 · · , 98)

59541455. 9495954745 Ἰ44994999 4944759 4499955557 549 444774
Apr. 10 21‚112 4758 Apr.1·⁵1‚557
944. 49 94745 4559 ul. ‚ ,
95997 54745 4579 95597 54555 ,
95555 94749 45,44 nec. 55 54779

995545. 9499999959 4495954499 4545545. 9499954945949445549
Αρῐ. 10 24‚011 5336 Apr. 10 59807
59. 49 54945
Oct. 27 24078 5235 09927 59208
09966 21722 51,75 Dec. 66 59148

fflffi'ffl 1846Jan. 0'193857‚024¹÷1014su,56
27‚011 1259‚80 Aps. 10 56959 8887

5945 49. 49 59799 5974

5979 95457 55955 9979

5554 955. 55 55797 5997

49974444. 949 95 99955 449 49 777 45471545. 94959 59949 449 444775
’111913 9331959 }333- 911. 59 59755 4774
95497 99749 595 95557 59955 4795
¹nec. 66 59959 595 95555 59775 4775

1888159. 0198888,150-7-101815,20 1848199. 11989 2160 410115591
. , 1525 4194910 2070 55,67
. ‚ 15,86 Jul. 19 1,980 5597
. , 15,55 09927 1,891 5⁵,oe
. , 15,80 099661 1805 ⁵⁴56

5999555. 94959 55945 459 49 5499 5549 san. 95999 4597 549 45 579
5499 4455. 49 5599
9475 945. 49 4945
5574 95497 5445
9597 95559 4955

 

