010 8604 510
· 020 8024- 620
080 -0,014 680
010 8614 640
060 8014 660
060 0,00 660
070 0,00 670
33 833.. 333
333 33:331333
33 3333: 33
140 4008,- 640
160 4002-
160 4008-660
170 4003- 670
180 4008-
190 4004-
800414-04 700
210 4004- 710
880 4004- 720
333133
260 40,06- 760
333 33:33: 333
180 4006.- 780
890 4006- 700
320 40,05.. 800
880 4006.. 880
88 84011-81 ⁸⁴0
360 4006- 860
370 ÷0‚0⁵- 870
333 33:33: 333
410 wssgZL-SW 910
0 33:33: 333
333 11111
333333133
480 4008.. 980
490 4008- 990

Tabulae X. Soet 111. α Ume ninon‘e.

010 610 -0,19 ‡0‡01
020 520 -0,19 0,oe
080 530 -02'19 -0,01

040 640 -0,19 -o‚⁰2 ·

mm-mA‚oe
wm-w-om
mm-mA‚oe
wm-mAJoe
ww-mAoe
mw-mA‚w
mmAwAoe
mw-mAoe
ww -mA’oe
mm-wAoe

160 660 ÷o,o1 ..33⁰8 ’

160 660 40,08 -0‚08
170 670 4006 -0,06
180 680 40,08 -0,07
190 690 40,10 -0,07
200 700 40,12 -0,06
210 710 40,14 -0,06
220 720 40,16 ..0,06
230 780 40,17 -0,04
240 740 40,18 -0,03
260 760 40,19 -0,02
260 760 40,19 -0,01
270 770 40,19 0,00
280 780 4-0,19 40,01
890 790 40,19 40,02
300 800 40,18 40,08
310 810 4-0,17 4004
380 880 40,416 0,06
330 830 40,14 40,06
840 840 40,13 4006
350 850 4ο,11 ,807
860 860 40409 0,07
370 670 40,06 ÷⁰=⁰⁸
880 880 40,04 40,06
890 890 40,02 40,06
400 900 -0,01 40,06
410 910 -0,08 40,06
480 920 -0,06 40,06
430 930 -0,06 40,oe
440 940 -0,10 4007
460 960 -0,12 40,06
460 960 814 4006
470 970 -0,16 40,06
480 980 -0,17 4004
490 990 -0,18 40,03

 

