Tabula VIII.
17⁵2.

7667 m m 7666 66.. 76

“WW'OWWW

96667 66776 66769. 79996 - 00 7666
96669 66779 66676. 77769 66666 7666
96696 66676 69766. 76767 67676 7666
96666 66667 76676. 76676 69767 6666
96696 66766 76676. 76697 96666 Ἶ7666

96676 66677 79697. 69967 96666 6666
96766 66666 76766. 66666 99777 6666
96666 66967 79666. 66779 99676 7666
97669 66666 76696. 96667. 96696 6666
97766 66666 76676. 66666. 99966 6666

97699 66666 79776. 66776. 96666 6666 ,,
97767 66766 76666. 76676. 96776 6666
97669 66966 76667. 76776. 96767 6666
97676 67767 76696. 76667. 96666 6666
96677 67699 69676. 79696. 96667 6666

96666 67666 66977. 76766. 96766 6666
0,7695 0,688077 1296977 9‚6404 4⁰‚06,

323⁸& 67766 99766. 76667. 96667 7666
96666 67676 66677 76699. 96976 6666
99667 67677 67667 76666. 97766 6666

99797 67766 69777 79667. 97976 ,6666
99676 67669 76666 76776. 97666 6666
. 99776 67696 76796 76666. 97767 6666
99696 67666 76667 76666. 97966 6666
99697 67776 77666 69766. 96767 7666

67666 76676 67776. 96676 7666
67667 76667 66767. 96676 6666
67999 76666 66967 96676 7666
67796 79676 66666 96667 6666
67666 79667 Ι66666 96966 6667

67797 76979 76777 99767 6667
67976 76667 76776 99676 6667
Ι66766 76766 76766 6667
66676 69666 76676 7667
66766 67666 79666 , 6667

66667 66967 76696 , 7667
0,8665 o,0792· 1‚8066 ‚ 4⁰,05
0,8662 ow· l,2937 ‚ 40,OE

 

