Tabula xn. 5555545555.

Reducuo observationum Solis.

Aprilis.

ffisswmwwwffiw

”ow-ew· wwwwwww

9559 5655 555997 5574 5555 555 5599 5’5 ὅ55 5ὅ,45
559 5555 955 5555 5555 555 5557 5555545
555 5555 975 5557 5554 5595579 555 5545
559 5555 555 5594 5555 559 5554 5595545

· 554 5555 599 5555 5555 555 5555 555575 5545

555 5555 559 5555 5555 557 5555 5547 5545
555 5555 595 5554 5555 557 5555 5955 5545
955 5555 494 5595 5557 5555555 55595545
955 5555 459 5595 5555 555 5555 5555 5545
955 5555 495 5555 5559 5545554 5555 5545

955 5555 595 5545 5555 5555574 5555 5545
955 5555 575 5545 5555 5595599 5755 5545
555 5555 557 5554 5559 555 5559 57555545
955 5555 555 5555 5559 5555595 5755 5547 ·
959 555σὶ 755 5557 5554 5495545 5755 5547

ζοωκδοὶυἱ ῥωδθῦ-*Φ

955 5555 759 5574 5555 545 5555 55755547
955 5555 799 5555 5555 5475579 5555 5547
5555 5555 545 5555 5557 545 5557 5594 5547
5555 5555 599 5599 5555 5455559 5555 5545
5595 5555 9555599 55595455555 5559 5545

5557 5555 55555555 5595 549 5597 5545 5545
4555 55555 5557 5555 5595 5455559 5555 5545
5555 5555· 5559 5957 5595 559 5555 54555545
5575 5555Ι 5555 5995 5594 555 5554 55755545
5555 5555 5994 5999 5595 5555575 5545 5545

5555 5555 5959 5955 5597 5555559 5455 5545
5555 5555Ι 5545 5945 5599 5545599 5555 5544
5555 55555 5455 5947 5555 5595555 5575 5544
5545 55555 5455 5955 5559 5555555 5547 5544
5555 5555Ι 5595 5959 5555 599 5559 5555 5545

5575 5555 5555 5954 5554 597 5597 5959 5545
5554 5555 5544 5975 5555 595 5555 5575 5549

 

