’9554415514 855519. 0 76567465.

’ ” -45 55555 4556544. 4414541474-4641
56,14 Apr. 10 48,268
5655 544 45 45555
54’55 54457 45457
5455 54455 45555

, -101018,52 18215445. 0181546666 -1011
1298 Apr. 10 46960
, 46952
11,86 05627 46941
1198 05566 47928

4545’.544 5454555755
54 45 56745 -
54145 56555
54457 55575
54455 56544

.-...--ι--.-

45441544. 5454555575 -4544 555 4554544. 4454555 555 -4544
1666 16ι’ 6656 655 56. 45 55 555
54457 55555 555 544. 57 57 544
055. 66 28, 508 692 055. 66 57 027

4545’5.ιιι 545 4555557 -45445574 4555544 54545 5475 4.
5655 444. 4ο 5477
5544 541. 45 6475

05627 26909 2689 Oct. 27 0964
055. 66 26611 , . 0948

45451544. 445 4555754 -45444554 4555544 545 45 5557 ἶιῖῦ

Aps. 10 55755 4554 444. 45 5574

Jul. 19 29979 4542 Jul. 19 8986

’ 044. 57 55 554 4657 045. 57 5455

“ Dec. 66 29, ’888 47, 86 Dec„ 66 8,141

18171544. 0181582971 -1012 628 1 Jun. 01816 6805 -1015
Apr.10 88 010 6,75 Apr. 10 6248
Jul, 19 88 056 799 15119 6184
- 05627 33910 796 05527 6,118
05566 88,171 8,45 05566 6,(185

4545544. 6454555555 -45455755 4555544 44545 5555 -4545
ι444. 45 55555 5555 *vr-1⁰ 5455
545. 45 55454 5555 544. 45 5545
544. 57 55 557 55, 45 54557 5555

055. 66 86 589 2996 05566 8956

, 4545544. 5454555755 -45454557 4555544 5454545554

54445 99'791 49’21 4444 44 557
54145 55575 4555 544. 45 46555

05527 89968 5094 05627 11941
05566 40960 5198 Dec. 66

 

