Τ8148188Χ. sect. [v. 84 opham.

4848444. 8448142488 4448484448 4888144444181484884

Apr. 10 7,884 85 52 251¹. {3 9⁸5⁵}ss
8148 188 818 4444 48444
08866 7,124 86,09 Dec.

1811188. 01726 9,980 -4-12428290 18211844. 0172687981 -1-1241
444 88 88 448 888
08127 9,678 8284 08127 88,168
08866 9,590 8267 08866 88384

4848444. 4448848888 4484884888 4888444. 8448848888 44844
44448 48848 8888 44448 44884
181. 19 12287 29,06 1411 19
84484 48488 8888 84484 44488
08866 12,097 2825 Dec. 66 41282

18181844. 0172614896 -4-12422525 18281844. 0172648992 -4-1241
Apr. 10 14,832 24 76 ’.4444 10 44,041

44448 44444 8488 444 48 44884
oct. 84 44488

08866 14679

18”’4”’·41””’8’114’4’8299 4884444. 4448848844 44844
pr

08866 17 855 17,11 08866 46968

4848444. 8448888484 448484488 4888444 8448848448 44844
444 448Ι 88488 4848 444. 48 48 444
444. 48 88484 4888 44448 48 488
84484 88488 44 84 84484 48488
Dec. 66 20187 10, 98 088. 66 49,682

4848444. 4448888888 44848 8,44 48881444 8448888488 44844
444· 8 888 88 44 8 888
oct. 84 88 884 888 844. 84 88888
Dec. 66 23 020 4,92 088. 66 52296

...- ——u-———

18171844 0172625788 -4-1242 2,04 18271844. 0’172655,092’-4-1241
9913 {239} 88 18 8 92:333
08127 25,981 415989 08127 54,901
Dec 66 25,992 59 25 Dec. 66 54 827

18181.88 0172628748 -4-12415688 1828’188.1172657,680 -4-1241
Apr. 10' 28, 812 55 ,72 Apr. 10 57, 558
1441. 19 28880 5517 1441. 19 57 ,478
081. 27 28 ,952 54 68 08127 57 ,890
Dec. 66 29,029 54 25 Dec. 66 mos

4848444. 8448884448 448448488 1999'J..n 84484 8448144844
444. 48 84 888 8884 444. 48 8884
444 48 84888 8884 444. 48 8888884
oct 84 88 848 8888 84484 88888

844 881 88 488 8848 84488, 88488

 

