Tabulae X 8691. IV. α Herculia.

820 1820 2220? 911669 neema

ww* mmm

64÷19,2 - 891 -169 -191 1919 1166196119 9116668919
54928,6-5,18-22,6-1911811 629610 8652988
169669-196-919-6911916 641911 6641996
47 9279 - 9,82-18,5 -2 91 1818 679218 8642840
65 9289 -11,02-15,8 -291 1814 6109515 6688801
1815 6128817 6688566
119994-1191-119-6911916 6161199 6619966
699996-1692-19-6911911 6194466 6664996
119991 -16,94- 69 -691 1919 6611196 6619696
04928,8-18,9291,4-2911819 6289080 8615965
82927,1-18,5695,6-2911880 6269884 8610950
1821 6298689 86 5889
16 9966 -19919 99 -991 1999 6619944 661961
91928,6-11,69912,7-2911828 6848249 8556927
16 9614 -1991 916,4 -191 1964 6616664 6661991
199199- 9,61911,6 -191 1996 6499969 6641961-
969169 - 6,11 9199 -1911996 6469166 6641969
1991 6469416 66 69961
17 9129 - 4849199 0911828 6489780 85 88967
5099,5-2,87919,6 0911829 6518088 6589986
119 69 - 9969199 9191 1969 6669696 6694999
38 ÷ 22 9 0989189 9191
11- 1,6 9 2,66916,5 9191

37 - 5,s 9 482 9146 92 91 Diei reducto addendum 9611
36 - 8‚8 9 5,57 9184 9891
11-129 9 6,70 910,0 9891 ante -1- 1
Ξ7-1416 ·1· 71571· 795 “1“2 “1“2 post 1 Dec' 9 †2
19-16,6 9 8,19 9 4,8 98 92

15 -17,9 9 8929 1,9 98 92
11 -188 9 857- 19 9892
19 -11,7 9 888 - 8,9 98 92
91-169 9 199- 69 9696
15 -18,8 9 696 - 9,8 9298

12 -1ο,5 9 5,88 -12,7 92 98
15 - 6,6 9 4,42-15,5 9294
11- 2‚0 9 2,78-18,1 9194
55 9 2,8 9 0,81-20,2 9194
17 9 7,7 - 181 -289 91 94

199194 - 9,69-16,1 994

149191 - 696 ..196 996
419996 - amr-233 -196

ss. 1911 et Febr. annorum bissextorum iegitur (1199 insequens.

 

