Tabulae X 00011v. 29 Gummi.

1810100. 929196919-1869699 18201011. 1 M 1999 -18 9⁴
¹ Apr. 10 80467 2102 Apr. 1· 8590
011. 19 99991 1199 111. 19 9199
09927 80259 21,44 09927 8887
Dec. 66 99199 9199 99999 9991

1011 san. 9 20 199999 -1911199 18211011. · 900 1990 -19 1
66643 0286 1199 6119 9111
9991 99919 . 1999 19991 9999
09966 88,121 1289 09966 7,648

1919199199199-191 919 199999 999 919999 -19 9
919 19919 11999
999 Jul. 19 11‚112

09927 86228 898 09927 11178
09966 89145 4,69 09966 11,289

1919 san. 999199999 -19 99997 199999. 919 911999 19 9
919 99 1119 1191

9991 99919 9919 99191 11999
99999 99999 9999 99999 11999

1911 sm. 9 99 119919 -19 91999 18241011. 1 20'818,059
19919 19919 1991 191. 19 19991
919 199 99 99 119

99999 19199 1919 99999 19199

1815 Jan. 020 745889 - 18 68829· 18251911. 020 821,442 -13 4
19910 45829 89,08 Apr. 10 21,482
Jul. 19 46‚829 89,Ὶό Jul. 19 21,418
099 27 45888 40,44 0992 mss
Dec. 66

45857 41,11 099 66 21847

82,Οὸ 09927 ,
8254 [09966 24474

18175111. 020 752660 -18 62179 1827 11111. 0’20 8271886 -13'1
Ρ. ’ Ιῆ4 Ρ. '
2296
. · , 2822 09966 27,505

19199913 20 750‚297 - 19 91991 1919999 1 99 999971 - 191
96819 {33}
9991 99191

09966 56585 18,01 09966 80476

1919 san. 0 9ο 799999 -19 9 911 199999. 9 99 999919
19919 99999 999 1191. 19 99919
11119 8 9085 299 0919 99999 1
00127 9111 919 !00121 99991
09966 0285 1.89 099 66 awo

 

