Tabulae X 65551115 0511.

45455ιιι. ι 55451555 5156145 5555555 4 45151555 ÷ 62'2
666 6:⁸66 61 661· 668
55555 55555 555 55555 55555

64466 81676 661 64466 68088

{Fusa 5 55554555 ÷ 5555555 Teum. 55555455 ÷ 555
4ρι 45 54544 5554 4ρι. 45 55ζ555 ι
ιιι5 54555 5545 55455 55554
55555, 54444 55’54 Oct-27 55555

644466Ι 84646 19,68 64566 66478

ι”55515ιιι 4 55555555 ι, 5555445 4545555 5 55555555 ι, 555
mlo 87607 68,97 Apulo 69,648 1
,55 55 55545 5555 555. 55 55 555 4

66,76 05187 69,791 1
68,74 64466 69664 1

116,]55. 86861161614881148Ἇ 1688654· ·866 86664668
⁴6:26 Ap⁸r.1 8,016 1

4661 64466 8,149

1814811. ῢῖἃΞ,188’-1-881 838 168 8111. 1 258 6,860 -1-8884
45 4 ,5 55 5 44 §J
15555 55554 οιι 55 5555

154555 4,55 55555 5555

4555545 51Τ“”””’“ 55555455 ι, 5544555 555565. 5 555 5455 ,ι 5555
14, ι.45 55455 5555 4,.ι45 5455 5
56451 44444 5555 56. 55 5445 5
:oet-251 66141 1065 00627 9460 6
’.,5555 56454 54’55 55555 5455 5

44451545 5 5555555515, 5545555 4555555. 5 55545554 ι, 5”’5’45

4,ι.ι45 55555 5554 apr 45 12,504 5
56. 55 54555 5555 5ιιι. 55 55455 5
Ιοιὶ. 55 55555 55 55 55. 55 45 444

ι
υιι,55 55555 5455 55555 45455 4

4545 ’.5ιιι 64554555 ÷ 554 5555 45555ιιι. 5 55545555 ι, 55444
14, ι. 45 45555 5555 4ρι. 55 55 455 5
5645 5554 5ιι. 45 45555

45444 5455 5555 55 555

64466 48708 6666 644566 16814

5’5’4’5,5ιι. ο 55545555 ÷ 555,3,5ξ 5555145.Ι 15 55555554,ῑῖιέ
45554 14 54 56 44 44 444 4

11,67 05417 18100 4

1888 64466 16 ,008 1

ι —. ———.——-—

45454454 5 5”’5545”ἶ544 ÷ 8²226‚6⁰ 18291m.0 55554 454 ÷ 5544
“¹¹¹ ¹⁰ 66 6 6 666 ’
444444” 45454 55,45’ 5555 55555 ι,

55 45551 5564 55555 55555 4

 

