Tabulae X. 8661. Π. α ceti.

166666. οΙ 46662696 4 11'06'127 17606111 1 9660666 4 61'2 6
16610 10770 3059 1661· 40112 5
111. 19 17‚711 6069 111. 16 11‚170 6
0617 17‚69o 6016 0627 47‚264 6
Dec.66 17‚617 6666 66666 66666 6

1771366 0 250207744- 31044,35 1781366 0 25050398 -1-313
1.6τ 110 20716 43,62 166 610 50,472 1
361. 19 20652 42,89 361. 19 50551 1
06127 20581 42,17 06127 50633 1
06666 20503 41,46 06666 50720 1

17723661 25020648 -Ι- 3105034 1782366 0 25050809 4 3132
166 10 23, 566 55, 64 16610 53, 898 2
Jul. 19 20481 5097 16119 50989 2
06127 20391 5433 06127 54 081 3
’ 06666 20297 5072 06666 50175 3

masan. 0 25020447 -1- 311 056 1783366. 0 25050262 -1- 3134
16610 20351 098 16610 50357 4
Jul. 19 20254 044 Jul. 19 50450 4
06127 20156 092 06627 50542 4
06666 20058 044 06666 57,633 4

1774366. 0 25020209 -ι- 3112022 1784366. 1 251 0722 -1- 314
16610 20111 2087 16610 0812
Jul. 19 20015 2057 361. 19 0898
061. 27 20921 2031 06127 0980

66666 66666 6666 66666 6666

1775 . ,

16610 30888
Jul. 19 30804
06127 30725
06666 30651

1

1777366. 0 25030692 4 312 4,43 1787566. 0 25110793 -1-3144
4,76 16610 10822
014 161. 19 10838
061. 27 30592 058 06127 10845
066. 66 30576 007 066. 66 10844

3111. 19 40687 21, 61 341. 19 13 941
06627 40694 22,21 06127 13 915
06666 40 ,710 2085 066. 66 13, 881

1779366. 0 25040823 4 3123026 1789166. 0 25110013 4 315
666 666 66
061. 27 40913 3028 06627 10871
06666 40959 3099

 

