79177719 vlu
1778.

179994 1103.ss Iaogdl lugd) laga E

wyovoewwww

ιο 99979. 99977 999999 99999 -ω ”

99 99999. 99999 999799 99799 9,7999

99 9,·9999. 99979 99799, 9,7999 9,7979
9999999. 99999 99999. 99977 99999

799 9,7999. 99999 999799 99999 99999

99, 9,7979. 9,7979 999979 99999 99999
ml 9,1616ι 9,5264 lmen 0‚8265 92144
11 9,123497 92001 lma o‚5182 92616
99 99999- 99979 979999 999999 99999
61 669471 5099677 126189 056299 96905

mlo 8,8871ι &2460 1241597 omn 9,4662 - , ·
20 &men 89816 im· 1‚0047· 9,4776
99 999999 99999 99999. 999999 99999
7110 7,65119 9,4729 1,,08669 1,18611 9,5502
ω 64076 96600 0982477 129901 ’9,5624

ω 67652 9,6708 088429 127509 ’9,6126
Ι. 9 Μὸθ 9,6921 0567677 1396997 96404
19 9,1096 9,6604 9906477 190619 .9,6667
29· 9,2172 9,5561 06556 1606677 9,6915
. 9 93018 96026 07226 136829 9,7150

606169 0,9114 1260177 9,7876
9,419977 1,0866 121699 9,7585
9,72879 1,1194 1,15529 9,7787
9,9075n 1‚1808 1968422 9,7960
002549 lm 094689 9,8164

’9,99999 99999 9,79799 ,99999
99999. 99999 99799. 99999
99999. 99999 99979
99999. 99979 99997
99799. 9,7997 99999 99999

99999. 99999 99999 99999
999799 99979 99997 99979
99799. 99997 99999 99799
99979, 99999 99979 99997
99999. 9,7999 99999 99977

99 999 999 99

’ 99999. 999897 99997 66699

 

