Tabula vm
“ 9090

09970. 09790. 99907 ζ
09090. 99099. 99079

omn 1,15689 1,1095 ,

Q: 0930 390 ‚

09700. 99009. 09909 90

00003 99οε 307οε

017920134150 084470 ,
0‚1066· lm· 1,(110899 ,
091157· 1,15560 mu· ‚
98872· 1,08840 1,180899 ,

9572ss- 0,9821· 1:28912

000· {ffl- ‚
09099“ 990002 99870ῗῖ ζ
99009 00970 90000. ,
99970 07900 99007. ,

90426 03119 125990 ,
8,8809 1,0840 1,2167 ι ,
891990 1,1196 1,1549· ,
93801· 1,1810 1,0681ι ,
94986· imo 09429· ‚

99900. 99999 07900.

99900. 99009 09999. ,
99000. 99000 09990 ,

99007. 99979 00000
09900 99099 0’9019

99999 99900 90990
99099 9,9990
99999 90970 99090
09990 99970
09990 07009 99979

09990 09909 99007
09900 09700. 99097

om 0047199 mse

 

