Tabulae X. 8994. ΙΠ. β Aquilae.

179o¹196.'‘0199‘6 41999 ÷99149⁵6 4999999 0199‘529,715÷351
919910 0,445 45 90 Apr. 10 28,791
99449 9979 96'16 994 49 99974
99497 9994 4999 99497 99999
Dec. 66 0221 46,47 09966 29,088

4794999 94949 94994 9999497 4994999 94949949994999

Apr. 10 8115 54, 89 49910 39097

, 994. 49 9979 94991994 49 99499

99497 9'990 9499 994. 97 99999

999 99· 9949 9494 999. 99 99944
4799999. 44949 9999 ÷ 994 999 4999999. 94949999999999

94949 9799 997 49949 99 949

91¹⁹ 2:29 {92 949 ,399
99999 9494 494 999. 99 ’99,979 ¹
4799999. 94949 9449 ÷ 9944997 Χ’,14999999 9149499449919999

4949178851 9,91 494. 10 88580

, 9,49 994. 49 99999

. · , 999 994. 97 99797

· . , 999 999. 99 99 799

9 9·

-4-555

4799999. 9494949799 ÷ 9949994 999999 9494944979 9999
9999 99497 4489791

-—--——-—-

47991999. 44949 49 949 ÷ 99499, 49 4999 999 949 49 47 944 9999

Apr. 27, 87 Apr. 10 47 ,958

26, 59 Jul. 19 47, 956
099. 27 16 ,484 25. 82 099 27 47, 952
Dec. 66 16,480 25,07 Dec. 66 47 989

-—-..—--——l

1797Jan. 0199519‚481 4 559ss,72 18071944 0’194550,894-1·556
p· 8299 Apr. 10 50,875
8280 Jul. 19 50 848
091. 27 19461 · 81 ,65 069. 27 50 ,818
Dec. 66 19 ,487 81,08 Dec. 66 50 ,770

47994999. 949 4999499 ÷ 99499 99 7808794 7194553736 ÷ ⁵⁵⁶
499. 49 99499 99 99 49949 99 999
994 49 99499 99 99 99449 99 999
,99497 99949 9999 99497 99 974
999 99 99997 9799 999 99 99 999

4799999. 9494999999 ÷ 9944947 4999999. 9494999477 9, 99
499 49 99999 4979 49. 949 99494
Jul. 19 25649 45,48 ,19419 56827
4994 99497 99949
99999 99799 4999 999 99 99 4991

 

