Tabulae X. 8999 11. α sompes.

4999444, 948 1'6 91999 -98 6‘4 849 4999444 4484999999 -98999499-
44449 99994 499 44449 99944 9949
444. 49 99994 994 444. 49 55'9051 9949
94499 99499 999 94999 991999
94499 99499 1'66 94499 999991 9999

4994444. 91494999999-999444 49 4994444. 9494999999-99994994
44449 99999 4999 444. 10. 99999 4999
· 484 49 94999 999 444. 49 99949 4994

09927 24,890 8,92 099 27 59,988 48,07
099. 66 24,804 8,25 09966 16 0,087 4669

4999444. 449 4999 499 -9994 4999 4999444 94949 9999
. 44449 99499 49’94 44449 9999
444 49 99994 4949
94. 99 99499
944. 99 99499

Ap.r10 81, 672 28,69 Apr. 10 7,808
166 19 81, 560 “ 28,81 991. 19 7,918
09927 81, 446 2800 09927 8,027
09966 81, 880 2276 099. 66 8786

mnan. 0161585,022-255481,71 17841944. 1161611755

Αρζ. 10 88150
Jul. 19 88,046
· Oct. 27 87948
09966 87856

4999444. 4494949949 -99944999 49991444.
Apr. 10 41452 , p .
444. 49 49999 , ,
Oct. 27 41,800

09966 41, 286

1777 Jan. 016 16 44, 810 ἱ-25 56 0,25 1787 89190 16 1628, 628 -255688, 86
Apr. 10 44, 858 0,82 Αρῐ. 10 28, 666 8882
891. 19 44, 805 144 Jul 19 28, 698

09927 44767 2,10 09927 28711 8778
09966 44789 2,80 09966 28718 87 04

.---

4999444. 9494949494 -99994444 4999444 4494999,999-999949,49 ·

1444. 4ο 49999 4944 444. 449 99499
444. 49 49499 4999 444. 49 99999
06 99 49 999 4994

099. 66 48876 14 48 09966 27, 810 4295

——snu———l—- *—

4999444 94949ἓ9999 -99999994 4999444. ο494999,999-999999ο“9
88 888 88 8 8 88 88
, 94999 99499 9949 94999 99994 4999
94499 99494 9944 94499 999991 499

 

