Tabulae X. 8551. Illa Canio 55655515.

1191 55 5555555555 4 5555555 ι55ι555. 5555585555 4 ⁵49.
1511 51555 55, 55 ιριι 58555 .
55 55555 5555 ιιι 19 55555

05887 81866 ,
5566 81866 6889 Dec. 66 68786

1 55555555 ÷ 5555555 5555 an. 5555559051 ÷ ⁵⁴³2
86,79 Apr 10 55995 t
86,οὶ 15119 68088

5555 55555 55ἰι5
55555 55555 5555 55555 55ζ555

5555555. o 75555555 4 4 555
1513 818
8555 5555
55555 55555

ΤΒ 4 ⁵99
5819 05551 8050
5894 155566 8055

1796155. 078888897 -Ι- 6661606 1806155. 0 789 6,179 -1-668
Αρῐ. 10 88860 16, 88 Apr. 10 6,819 ι
15119 88791 16,60 155119 6360

. 1689 05887 6,878
17,80 Dec 66 6,887

messa. 555555555 4 555 555 ΜΓ 729 99914542
p. ‚ 9,11 ιρι ιο 9’499 ι.
. , 990 ιιι 55 5555 ι

10,69 05887 9,688 1
11,66 05566 9,609 1

17979555. 0 78888971 ÷ 666 8,67 1 155. 0 78918666 4 6681
. 68 ,978 888 Ap r. 10 18689 1

6,Οὸ 16119 18606

6,76 051. 87 18668

6,89 05566 18618

mam 078868Η1874-6636668 1808155178916678-5-6681
67,16 Αμτ. 10 16, 681 1
67 72 Ju1.19 16668 1
6836 05687 16888 ⁴
68,70 05566 16,811

 

