'fabula IX. continuata.

raim ..1.1111.. ca D pm ..1μι1 111... ‘

M a 1 u 1.
15110 11110 Log. 0 1103„ss

1750 1850 1750 1850 1750 1850 1750 1850

ο11551.11555. 11111. 11111. 11151. 11111. 11111. 11111.

1111951111911 111991112011 179591179501 128051128061

1111811111801 112881112851 177511177111 128801128811
8118651118611 118611118661 175821175211 128511128551
111971112951 111121111111 172991172881 128761128771

5 11ΰ61 112251 115181 115201 170521170101 128971 128981
8111581111521 115911115981 167891167761 129171129181
7110781110761 116621 116611 165081161981 129851 129861
8111171 109981 117811 117881 162061161901 129581 129511
91ωω1 109181 117961117981 158801158681 129691129701

101ω861 108881 118611118681 155271155081 129811 129811
11107501107181 119221119211 151111151201 129971 129981
12 1Μ611106591 119821 119811 117161116981 180091 180101
11105691105661 1ω101120121 112111112171 1802011180211
11101711 101711 120951 12097 n 187181186881 1808011 1808111

1⁵ 1113751 103721 11149. 11151. 11111. 11111. 11111. 11111.
1111111.1ο1111. 1‚22⁰1u 11101. 1111111151. 11111. 11111.
1710167· 10168· 132511 11151. 11555. 111511. 11151. 11151.
1811066· 1‚0⁰⁵2= 1‚229921 11101. 11511. 11111. 11151.. 11151.
¹⁹⁰³⁹¹⁴2099³9n 113451· 11141.. 11111. 11111. 11111.. 11111.

20198261198211 128901 1289211 1701611 168981 1806111 1806111
21197081196981 1218811218511 129711125671 1306511 180651
Ε οΜ761 195711 121711121761 10120 11067 180651180651
mmmmm 1251111251οη 16217 16898 1806111806111
nom-omn 125521125511 18618 18719 1800211130οῧι

25191621191561 125891125911 10118 10222 180591 1805811
26οΜ181190071 1262111 126261 11278 11886 1805111 180511
27188571188501 126581126591 12171 12221 1801811180181
Β 186011 186871 126901 1269111 12911 12955 180111180111
1111521.ο,1515.11111.11111. 18516 ,8581 180881180821

81188141 188861 127501 127511 11096 11127 1 1180281
81181571181181 127781127791 11588 11611 1 181180121
tom· 179501 128051128061 . .

N

 

