Tabula vm

1888.

m 119 818 m.» 1»... ’8

ῸΎὟῸὟΨῸΎὟΜΜῸΎὟ

lu. 0 896881 099811 0150871 13999
10 898891 090511 090651 19791

m 89714. 89148. 89711. 19187

80 81685
Febr. 9 86498

19 89541
hm 89803
11 991709
81 ma

81 99047

Ap. 10 99818
8188
18918 99818
8) 98783

80 99884
111. 9 99689

19 98181
19 99818
ιιι 9 99879

19 97188
99 97188
“¹⁰ 11 888

18 99891
sq* 7 99117

17 938oe-

27 9‚8520
01. 7 ’88660
17 99784

87 99987
Nu. 6 99080
16 99845
86 99419
Dee. 8 99610

16 99781

86 99959
86 omn

098601 198181
096751 “ 195681

094791 190981
095681 194881
096191 196881
096481 196901
096811 196191

095951 1584151

096811 190681
094601 195561
098611 198841

098761 098881

098041 098871
091561 098661
091871 990881
3888 8187

098711 09119
098681 19840
094681 19196
,95581 19810

39... 1....

&fit 198

- 097581 19688

89797. 19571
89871. 19815

89898. 19988

19879
19095

978
89188
99758 1

096881

117878
89181
99188

99889
99144
99818

091471 ,
1,(81481 ,
1,11141 ,
198681 ,

19891 1

1,2751· ,
1189 ;
190881 ,

188829 .
moon .

191671 ,
195491 ,

19681 1

omo· ἰ,

094661 ,
094581 ,
09918 ,

89981. 11819 ζ

affl: 89.
epm· 09162

8888 888.
89999. 89179.

{ff}

-691
..891
..891
-891
..8,81

..891
-891
-891
..891
-891

-891
-891
..891
..8,81
-ο,ο1

..891
-891
,891
..891

-ο,81

898
898
090
898
898

898
898
898
898

-ο,ο1

o,00 .
898
898

898
898
898

 

