Tabula lx.
Valom quantitatum 04 D pro tingulie dietus.

111111111- Februarius.
111111 ,Low 1003.ss 1110 Low

c 1 1⁷⁵0 1860 17501860 1760 18⁵⁰ 17501150

mwmwmmwmmw

0
0 1 15109109θὸ51 12998 12999 109041199ωι 11809 11818
1 2 095281095011· 12984 12985 109891109851 11740 11744
2 8 0,589910,58791 12968 12969 110711110671 11668 11672
4 092451092261 12951 12952 111501111471 11594 11598
095681095461 12982 12988 112271112281 11518 11522

6 098581098421 12912 12918 118ω1112971 11488 11442
7 0,718810,71181 12890 12892 118721118691 11856 11860
eoam· o‚7sm 11867 111611 mmo· 1‚1437. 1‚1271 1‚1275
9 ommam. mm 11845 1,1507·1‚15042 1‚11881,1187
0 0,786110,78481 12817 12818 115711115681 11091 11096

1 11 090761090641 12789 12791 116821116801 10996 1‚1001
11 12 092791092681 12760 12762 116921116891 10898 10908
12 18 094721094621 12729 12781 117491117471 10797 10801
18 14 096561096461 12697 12699 118041118021 10691 10696
14 15 098811098221 12668 12665 118571118551 10582 10587

8
4
5
6
7
8
9
0

15 16 099971099891 12628 12680 119081119071 1046810478
16 17 091571091481 12590 12592 119581119561 10850 10855
17 18 098091098011 12551 12554 121051120081 10227 10288
18 19 094551094471 12511 12518 120501120491 10100 10105
19 20 095941095871 12468 12471 120941120981 09967 09978

20 21 097281097211 12424 12427 121861121851 09829 09885
21 22 098571098501 12878 12881 121761121751 09685 09691
28 098801099741 12881 12888 122141122181 09585 09541
1919911121981 12281 12284 122511122501 09878 09884
102181 102191 12229 12282 122861 122861 09214 09220

24
25
26 10828110818112176 12179 128201128191 09042 09048
27 101291 104241 12120 12128 128521128511 09861 09868
28 105811105261 12062 12065 128821128821 09672 09679
29 106281106251 12002 121815 124111124101 09478- 09480
ω 107241107201 11910 11948 124881124881 09268 09270

1 1111111111 11876 11879
11 32 1111, 11111. 111119 11813
32 11989. 11911. 11711 11714

22
28
24
,25
26
27
28
29
80

 

