Tabulae X, Seot. V. α Hereum

1111115, 1111511511 1111111511 1111111. 1 0111511 1111ζ611
Apr. 10 537⁰ss 88,46 1911 ΗΜ
111. 11 51511 1151 111. 11 11511
05111 51515 1111 05111 11511
111151 51511 1151 1111555 11511

1111111. o: 17 956‚979¹÷199519‚51 5111111. o 11111511 11154111
151101 58151 2898 Apr.10 1151111
111, 11 55511 1151 911. 19 11511

011111 51511

111151Ι 55551

1111115. 1¹ 17 151511 1111151151 1111111. 1111111511
Apr.1o 58‚659 7206 Apr.1o 275ss
111, 11 51511 1151 11. 19 11511
05111 51511 .1ο,15 01111 11511 1111
111155, 51511Ι 1151 111111, 11515

1111111. ο,111 1511 1111151551 Ms'san. 1111115111 11111151
15110ἶ 1254 1514 15110 MSS

1111. 19 1384 1490 111119 80857
(1511 1511 1151

111151 15111 1151

Ι
-υ-

1“1’1”111Ῑ.“11111 1511111115 151 1111115. 1111115111 Ι11111551
1111 111 111 1113 1111 11
011111 1ζ111Ι 5ἶ11 15111 113115 1111

A 551 111155 11151 1151

111151·ἶ 1511

1111111113111 ἓξὲξ 11115 3⁹3} 1111111, 1111155111-11111151
111111 11111 115111 11. 11 11511 11311
01111 5515 5155 1111111 15551 1155
ἰ1151166 6875 57‚90 Ι1111. 66 855199 21.ae

1111111, 11111 1511 1111115151 1115115. 111111551 1111111511
15111 1511 5151 15111 11515 1151
711. 19 1511 5151 111. 11 11511 1151
01127 2762 5156 001271 88,040 18,88
111151 1511 5155 ,111151 11551 1151

1111 san. 111111511 1111111151 1111111, o 17 710‚719 414991170
15111 11511 1151 15111 11511 1551
111. 11 11511 1551 111. 11 11511 1551
001. 11, 11551 1551 (15111 11551 1551

Dec. 661 18887 44,70 111166 40883
1111111, ο 11115511 1111111151 1111

89,46 01127 42888
89,Βῖ 111166 42804

1111111, 111111511 1111111151 1111115. οΙ
15111 11551 1151 151, 10 15511
111, 11 11511 1151 111 11 15511
01111 11511 1151 05111 15511

1111661 18888 34,90 1111166 45,261

 

