, Tabulae X. 8000 IV. 0 Coronae.
1810Jan. 115, 11111 11511111
Apr 45,ae 10019 4815
. Jul 45,75 1111. 19 4890
oet 1011 0011 0155
Dec 1051 01155 0551

18121111. 1152643889 4272122411 18221111. 01527 9817 -1-2719
115111 11 111
ο ² ⁸ ' 2

001. 27 mos 2262 00127 9,961
Dec. 66 48,151 2252 Dec. 66 9998

1515 san. 0151515101 Ἱ51111005 1515111. 0151111511 ζ11ἶ5
⁹ 15515 111 11111

001.27” 45582 9,42 00127 12598

001 05155 11510

1
1814 148 -1-2718
p . ‚ · 56,80 Apul 15,150
· 55,85 101. 19 15,150
5585 00127 15,142
05066 48055 5480 Dec. 66 15,127

1515115. 0151550510 1111011111 1515111. 015111151011115
Apr. 10 50595 1151 15110 17‚650
mm mm mss mm mm
0011 50511 1055 0011 10555
01155 50551 5011 01155 10511

..ᾗ --ᾷ--υ--η--ω-...η

1515115. 1151550151 1111101051 1515151. 015111001111115
Apr. 10 50111 1555 15110 10051
sul. 19 55111 1011 11. 11 10001
05111 50115 1551 Oct„ 11 10115
01055 50515 1015 01055 10555

18171511. 0152655862 -1-27201252 18271011. 01527 22448 -1-2718
101. 10 · 55915 11,77 Apr. 10 22,878
111. 19 55978 1008 1111. 19 22809
. 50085 10,80 01117 nm
050. 66 50102 9,57 05066 meo!

15151515 50515 111 115151 1515155. 1151110111 11111
Apr. 10 510684 5061 Apr. 10 24‚644

-m-——Q— ——n- -—-—. ᾖ

1111. 19 58,756 55,98 101. 19 24564
. 5538 Oct. 27 24484 18
54,δό 00066 24402

1511101. 015110111111111155 1511111. 0151110155 11111
JK 19 0511 1111 11111 {²3:3⁸3
0011 0550 1011 0011 10111
01055 1111 1011 115555 10511

 

