5455555 x sm v ’5 Bootes.

555555. 514754575 42512655 5545545 501 124555 4266
5613 84, {32 25 75 565 55 22525 ’
5527 54 525 2215 5527 22555 ·
55555 55555 2255 Dec. 55 22547 , 5

14311411. 554 755552 ,4254 555 5545

221 151 11113 2111
5527 ’55525 555 55527 25555
05566 56 476 891 Dec 661 25 582

18825551147592244-2084482 18421555 014 828255 -Ι-,20 02
5155. 10 58180 44,98 Apr. 10 28282
Jul. 19 58148 44,87 Jul. 19 28802
05527 58115 44,Ὶὸ 00427 28814

05566 58094 44,57 05566 28818-

-1-208 5,58 18441255. 114 888789 -1-19594
816 Apr.1 88708
869 Jul. 19 88670
4,18 05527 88625
868 05568 88572

. 545 7572 52524545ιέ 5545555. ow 419593
5625 7ζ454 4565 14¹1ss {4340ss ἶ

05527 7,519 4808 05527 88184

05566 7,580, 4888 05568 88060

18865555 114818291 -5-2022868 1846525. 014888818-5-19581
Apr. 10 10, 857 2897 Apr. 10 88740
55511 19 10 426 2880 Jul. 19 88659 1
05527 10 500 21,68 05527 88575 1

2896 05566Ι 88487 1

5557 san. 554 555555 5252 255 5547 san. 554 545555 555555
45255 55552 554 45. 55 45555 ³
Jul. 55 55445 555 555, 55 45575
5527 55525 555 5527 45555
55555 55555 55552 55555 45555

--——-——-———.-—-.

18881555. 014818819 52014886 1848155. 114848654 -5-19588
Apr. 10 18405 4825 4pr.10 48565
Ju1.19 18491 89 68 Jul 19 48477
Oct. 27 18576 8818 oct 27 48892
Dec. 66 18661 88 ,62 Dec. 66 48 ,810

5555555, 554555555 ,42555552 5545544 554545575 555552
4555 55455 5554 45. 55 45555
555, 55 55555 5555 555 55 45555
54527 55555 5555 55. 27 45547
55555 55552 5557 54555 45552

 

