Tabula vul„
1766.

μμ m m mg.» 161, E ⁸

mmmmm-mmm&

98249 0860411 081051 18998 *oo
’9,8186 0864211 0807411 18789 88862
98888 0871111 0872711 18125 88878 ,
98889 0879911 1881511 18876 88184 · ,
98885 0889111 1857011 151092 98888

om„ 116916 69966 ,
699916 mss„ 69961 99111 - ,
696611. 19691. omo 11911
996616 196961 996166 99999
996191. 116161 66669. 99966

0898011 lxma 084461 98862
0882011 1806811 1804611 98776
0868711 1855611 1811211 98154
0854811 1888611 1886111 98502
omn 0882511 1889011 98824

0827211 0884811 1875011 98128
0817111 0887811 1896911 98404
0810611 9809511 1806111 98667

96199
96669
96169
96991
96111

98188
98669
. 98912
98166
98429

9,7696

98852

0808211 08552
0810011 om·

0815211 08112
0828011 18886
0881911 1,1198
0840611 18808
0847811 18289

0852511 18518
0858711 18664
085ω11 18682
0848911 18572
0882911 18824

691666 11919
969166 19611
61691. 19166
916666 69111
911666 91169

0889911 08806

omn 0‚o782a 18056
0884511 0848511 18987

1808811 98915
1888211 9,7150

1860111 9,7878
1816911 98585
1855211 98787
186841 98980
0848411 98164

omn 98842
0846211 98512
08902 98676
08688 98884
08020 98986

19119 99161
11116 99116
99111

98547
98677

98808
98925
0,(044

18099
18574

mm
19696

 

