Tabulae X. 811111 α Pegasi.

1770'Jan. 11459112199118591197 1791111. 1195941951 41⁰4 i:
1151. 1ο 11971 ·14,51 45111 Ι47999 1
911. 19 11149 1451 Ju1.19 ’41195
15117 11915 1449 1197 41999 .
011661 19974 2469 01166 48149 ’“

1771191. 0225822967 -1-18584864 1781111. 0225851,107 -1-1414Ι
41110 22991 4866 Apr. 10 51‚171 1
Ju1.19 22‚868 4898 Ju1.19 51,240 4
01127 22808 4264 01127 51614 1
09166 22,740 4260 01166 51692 1

mnan. 1225825,741 -1-1859 1,88 17821111. 0225354644 -1-142
p 1,45 Apr. 10 54425

168 sui. 19 54609
066 01127 54696
0,05 011. 66 54685

masan. 1115315993 4119591999 1799911. 111595759041411
1869 Apr.10' wis ¹

1868 Jul. 19 57,81s

28‚161 17,74 111174 57919

17,ss 01166 57698

1714411. 1115991175 419 599159 111411. 1115419411141
111· 13 13111 1191 111· 13 1111 ·
1117 91994 9451 15117 1111
01166 80,702 8895 091. 66 1,288

1775111. 11159 99911 11959 5199 ’1115141 11Ῑ5Ῑῷ51149
111 1111 11 111 aas

01127 88458 51,48 01127 4,457
Ι01166Ι 88675 5067 01166 4622

-Ῐ--Ι--η- —-.. .... . Ι

1775111. 1115991979114 11199 1795151. 11154 7991 ÷ 14 9
1111. 1ο 95915 999 Ι11111Ι 7,54ο
11. 19 91197 999 suu. 19 7599
14117 95175 191 14117 7599
01166 smol 8,12 011. 66 7678 ¹

· -· — -····—·- -— ——

ffilsun. 1111599911111411799 1797 san. 111541154511149
119110 89666 2768 Αρῐ. 10 10679

11. 19 99914 1151 Jul. 1 11715
1117 91991 1194 1117 11719
nensel 999191 1591 nemos 11791

...---———- -ssy—*n- . 1- Ι

177111. 11115941951114 14599 1799 san. 1115419719 ÷ 144
1419110 41929 4464 Apulo 18,718
mm ww ml mm mm

· oct.27 419194

Ι

Dec 661 41918 4464 011271 18694
w 2

44,42 01166 18672

1111οῇ 44914 159 451. 111 15591
Jul. 19 44,928 866 Jul. 19 16‚596
111111 44949

860 01127 16652
09160 44988

959 15155, 15511

1“7“7’9Ῑι”ι.“”ο’ᾗ5944,59ῙΓΓ1”9ζ5”7 mmm& ζῇ.

 

