Tabula v111.

1782.

lugd Log. B Low Log. D laga E

1η 0 991011 088921 051011 12998
10 8951715 0996611 0807211 12790

8550111 0906711 0972611 1,2125
0918111 1981411 1,1877
0,980851,157011 1,1098

0,.91115 1‚2094·
0919811 121881
0955611 1968211 0,5182

80 7860611
Febr. 9 8,1121

19 51551
111111 55951
11 95515
11 95551
51 9,1555

151. 10 99188
1 1111
ΙΙ] 10 99928

20 9,1172

80 9,1991
lun. 9 99179
19 9,5981
29 96818
lul. 9 9,671s

19 9,1515
19 91515
Aug. 5 9,1511
1111

811 151

27 99111
011. 7 98511
17 918681

27 99827
Nor. 6 98981
16 99158
26 99881
1111. 6 99515

16 9197111
26 99881
86 0,0062

8, 7878
8, 9181
9, 0888

9,1852
99111
99818

09969
09265

0958811 126905 91282111 98898
595151 1,15151 555191 95955

095885 121151 0811611 9,1862

0917611191885

1901711 9,1776

0989611 1,155611 1,111211 99151
0980811 1088611 1,18615 99502

0922811 098215

0915811 0881211
0910611 0115876

1989011 99821

1275011 96128
1296911 9,6101

09090119908011 1,118061 9,6667

0 9,10711 09557
0 ,9156 n 07229

0928211 09111
0988611 19887
0119128 1,1191
095285 1,1808

595151 1ζ1159

595511 1,1519
691111 11551
591551 1,1551
691551 1,1511
595511 1,1511

0958211 1,1919
0919111 1,1822
0989511 19167
0980611 09222
0928711 0,7251

09198 u 09212

1,8088119,6915
1988211 99150

1,15511 9,1515
1,1159191555
1,11551 91151
155551 9,1955
591551 95151

07170 11 98812
08160 n 9,8512
0‚0905 ‚
0‚6688 ,
09020 ,

15115
1,1111 ,
1,1599
1,1511 ,
111880 1

19088

691911 551111 15555 ,
591151 551511 1,1951 ,

-092
-092
-0,02
...0,01
..0,01

-5,51
-5,51
..5,51
-551

·- 551

,5,51
,5,51

 

