Tabula X. 8111111. a Andromedae.

;.'¹·÷·.=1'..³.·.· -2125'51399 11111111. 11151 1211111151
. · 5195 11111. 10 &878
5911 {³¹¹¹- 19 3919
⁵296 1000. 2⁷ &026
5111 gumen 11191

-.—

‘W 1111111. 111517551111119

.. 1511. 1151 11111Ι 2239 2
' :3 , 1135 111. 19 1311 :
,ι’ J. 7 10,Ὶό 01117 7³19 ε
ἢ ” 7· Ξ 10,Ῑῖ Demos 2513 2

ἔξω 1115111519117511151 1111111. 115511155511151
· u·- :w 11115 1911 111. 11 11551 ι
11. :9 11119 29,oe 111. 19 11117
1112·- 11111 1151 191111 11511
1111111 «112⁰ 2753 [011160 10939

⁸1:⁰1„ 1111111111 111511755 11111111. 111511191111111
''1an 11111 1719 111111 11177
521 11111 1151 11. 19 11511

. 11115 1111 11111 11111

11111 1551 111111 Q ἱ

111111 111111591111151 551 1111111. 1115117511 1111.
m. :1 15111 511 1111. 111 11111
,11:³1 15111 159 1111. 19 17511

9, 951353 411 ,01117 171337
11 15519 111 111111, 11517

,-,.-,1,.,.,1155111119111511117 11151111. 111511155111111
111110 1³,588' , 23510 Apule 29825 ·
11.. 11 11511 1111 111. 19 11111
11117 111171 21110 011. 97 20936
1111ιὶ51 483861 2157 01160 20981 ·

mmm. 1195151111ἔ111511155 1111111. 1115111511 11111
ψ’, 10 51:122 ς 4²23ss APT- 10. 241079 1
111. 19 51115· 1151 111191 11511 1
11111 51111 1111 ,011111 11111 1
11111 51911 1115 1111111- 11111 1

—-.. -.ι-ω .-,-.-,,, -

Ι
Ι
Ι

ffi- m, 1135111511111151 ’111 11971111. ο’115117,115“121 11
ψῃ) 51363 207 11111110- 2722! 1
111. 19 51917 115 111. 19 17119 1
(1.1, 17 51111 119 111111 171117 1
1111. 11 51111 111 Ι1111111 11511 1

11115

11111111.11151511111117511151 1119111. 1115191111
111111 57111 1151 ,11111 11111 5

[111. 11 51119 1111 111. 19 11115, 5
,111117 57161 2353 011271 305601 5
[11111 51191 1119 111111 111111 5

,111111 111551 1559 1175111111 1119111. 1195191111 11111
,11111Ι 1591 1957 ,11111 99111 1
111. 19 1515 1111 511. 19 11111 1
01127 0‚698 4957 ;01·1. 97 33001 1
„unffi 0,760 45,θῖ ζ1)θο.60 32325

 

