1111111111. 8991. lv. 9 Aurigae.

1919111 91116999 1111116911119 u„ 1119711111 11119
11113 13111 {3⁹23 111} {11²ss
95191 1οζ595 1591 99999 911519
Βοο.66 wass

18111111. 0 ⁵211‚914÷1⁵4719‚7⁸ 1911111. 5629,οΜ 41511
191910 nau 1966 119111 2⁹,176
111. 19 116& 19,61 111. 19 22⁵0*
31,ἓὲ 11911 .

1511 11991 1119 111191 91919
11119 19555 1199 111. 19 91159

191910 56326
Jul. 19 56,661
Oet 27 66 606

95199 55ζ559

16119 9919
09627 0‚917
Dec. 66 0,919Ι

19151115. 1· 59 5999115115951 1995111. 9Ι 5 9 51999
1151. 19 5919 5199 15119 51911
111. 19 5959 5911 111. 19 51999
95199 5999 5999 91119 51199
199995 51191 5915 951 59191

1111191. o: 59 9999 Ἰ915 115199 19991111. 9 59 59999 11511
A51.10 9892 5896 11991 66526
11. 19 9959 5959 111. 19 59199
00197 1o‚010 19 999 91191 59911
09966 10,115 0‚87 110966 .'›6‚238⁸
1919111. 9 591119911519 5,15 1999111. 1 51 9999 11519
Apr. 10 14‚589 5‚79 Apr. 10 0,570
111. 19 11591 991 111. 19 9159
95191 11199 991 95111 9991
Dec. 66 14,907 7,89 Dec. 66 0‚192 Ι

19191111. ο 59199911151911ἶ9 1829311111. ο 51 1551115111
15119 19999 1911 11511 1511
111. 19 19599 1951 191. 19 1999
91191 19919 1995 91191 1911
91999 19111 1919 99599 1199

 

