Tabulae X. Soet 117 20 stpn'corn&

ιιιιιιι61661666-96666666666661666666- 16616
ιιι 10 66666 6666 ιιιιοΙ 66,6ι6 ι
ιιι. 66 66666 6ιζ6ι . ιιι. 66 66ζ666
6666 88880 ιιζ66 6666 66ζ666
66666, 66666 6ιζ66 6ιι66 66 666

1791166. 020 627,258 -18107085 1801166. 0207 0,009 -18 9ῑ
166. 10 27, 159 40,94 Apr. 10 · 0,109 ῑ
161. 19 27 068 41,01 161. 19 -60,209
06627 26955 41,15 06627 0,809 .
06666 26860 4187 06666 0,409 1

1792J877. -18108078 1802J877. 0807 6,-666 188
666 666 616 66 6· 116

6666 66ζ666 81‚’78 ⁰⁶*ss 6666 66
66666 66ζ666 6666 6

¹⁷⁹⁸J7⁸⁰1 1⁰ 80 888,188 -181081 ⁵8 ΞΞΙᾈ. ⁸ 666, &¹477
ιιι 18 66ζ666 ιιι 66 6666 ι

06627 82895106627 7647
06666 32808 06666 7717

666616ιι. 666666,,ι66-66666666 666666 ι666ιι,666- 1887
ιιιο 66666 ιιζιι ιιιιο ιιζ-ιοοι ¹
71718 66ζ666 66ζ66 71718 11 666 1
6666 66ζ666 6666 6666 ιιζ666 6
06666 85, 886 16, 08 Dec. 66 11 ,262 1

66666ιι. 080 688,878 -1810 667 7805 ιιι 020 717,578,-18 87
666 ιιι. 10 ι6ζ666 ‘
666 ιιι. 66 66666
666 00787 17‚808 6
887 Dec. 00 66666 ι

66666ιι. 66666666 -18 66666 1806710080718010-138
88 87 ιιι. 10 18,011

5918 161. 19 18,008
06627 42882 59,87 06627 17,998

6666 66ζ666 ιοοζ66 16666 66ζ6661

1797161320 Ἥζξξ -18 949,88 1807166. 020 721817 1871
pr.

161. 19 46, 757
06627 45 7,87
06666 45, 826

1798166. 020649152 -18 94164 1808166.1ἐ,20724500
Apr. 610 49, 197 4217 166. ι·’10 24, 488
161. 19 49 249 4264 161. 19 24 868 .
087 27 49, 809 48, 06 06627 24, 291
06666 49876 48,42 066 663 24, 207

1799166. 020652,698-18 98278 1809166. 020727,575- 1871
77 6 666 88 66 6 666
06627 52925 88,58 06627 27,298
06666 58018 88,65 066. 66 27,197

 

