Tabulae X 8999 V α Canis majoris

. 18801611. 919796999-99999699 9999999. 9191’ 9997
99999 99ἶ999 9999 46610 9999 99999
999 99 99
09966 811865 29‚50 09966 6,271

lim 412466 p.
999. 99 41‚666 99ζ 99 999. 99 9999
99997 41 999 99 99 9997 9,999

99966 41961 31,85 09966 9,113

9999999. 9199799,;,999-99999999 9999999. 99999979 -99999999
11ῗῇ ᾖῇᾖ ᾖῇ 11111 11ῑῇ ᾖῇ ,
. 6446 9997, 99999 9997

99 99 199999 99 979 9999
Ι .

9999999. 9Ι 997999991-99999997 99991999. 9 99997999 -99999999
999 99 919 999 99
oei. 97 46'961 97 97 999. 97 97997 9999
Dec. 66 48 978 36,80 999 66 17,094 9104 ·

------. ...-

18351999 063751,61,16-16294159 1845399.
Apr. 10 51,639 p. 19, 742
191 19 51668 19,668
09697 51‚704
Dec.66 51746

1836199. 1 637 54, 375

99979999 91997979971-99999999 9997999. 999999999-99999999
999· 99 97, 999 46 ,99 p 483⁸
JuJ. 99 97999 46 66 999 99 24‚464 9999
oct. 97 979999 9999 99997 99999
999. 99 97999 9999 999-999 99999

99991999. 9 999 9999 1-999999 79
999 999 99
99 99

49'76

' 1669446 9 999 9999

Apr. 99 9999

 

 

