Tabula'vlll.
lm

7887 4888 48847 78847 4888

WQWWWQW'

748 9 989748 99478 984988 49998 -ω
10 8966878 09405 omn 19790 89862
99 879848 99998 997988 49498 87878
80 898941 0919) 1981577 19877 89184

89089 8918677 09062 1‚157ou 1,1092 99888

49 89849 98989 499948 99989 99889
878844 88889. 98888 494888 98984 99444
44 88899 98788 498898 98484 99848
94 87888 98748 498998 998998 98898
84 88888 98744 498488 998998 98998

Apr. 10 89714 09749 19411677 0844677 99862
99 98849 98844 499888 489478 98778
888 888 888 1888 8883 888
80 99689 09062 098219 198909 99824

80 98888 09111 0984274 1976077 99128
Jm. 9 98989 09144 0987677 1996977 99104
19 994181· 09146 9908774 1906177 99667
89 981978 09118 09555 1908874 99915
Jul. 9 99408 09047 09288 1988277 9‚7150

19 9,5777 98989 99448 498948 97878
99 98997 99899 49888 494898 97888
*¹¹⁸⁸ ’881 888 1188 188 888
88 ’88788 98448 49989 994888 98484

87847 98947 98999 49849 974748 98849
97999 98948 49884 984848 98849

97 97999 98477 49889 98878
0847 97884 98484 49879 98888 98884
47 97499 98994 49894 99999 98988

97 97849 98997 47949 49448 99484
77888 97899 98887 47899 48444 99978
48 97999 98479 49487 49999 99444
98 98488 98888 99994 49874 99847
9888 98899 98897 97988 49899 99877

48 98899 98894 98999 49988 98999

96 9,8800 0,8⁵99 0977877 M 99
86 99990 09681 omi W. 1

 

