'rabulae X. 8991 V. α Pegasi.

111. 1991911191 11191
Apr. 10 ’ 51268

1911 91119 11199

17ζ11 wa

· 1
18321911. 1¹22⁵619,291÷19197‚99 1119111. 1991111191 111111
.ι · ‚ 911111 9191
'- ' ζ 1ζ19 1197 11171 1
¹ < 191 nemos 11111 1
p. 4

11111911 1111111. 9991197111 111911
9199 1111117111
9111 111. 19 17111 1
v21⁵1 001.27 17117 1
9191 nass 17119 1

1111111. 19917 1111 11199
1911 1111111119
1111 111. 19 1199
1111 0197 1191
1191 191111 1177

18351111. 0225631790 1-1419 125 18455911. 042257 1569 -1-14221
Apr. 10 31805 121 Apr. 10 1536 1
Jul. 19 31828 123 1111. 19 1496
09127 31859 131 01127 3,448
01166 31898 144 09166 1392

1111111. 1991111,111’111199ο,17 1111111. 1199171191 111 1
Apr. 10 34,910 2084 Apr. 10 1334 4
111. 19 11111 9197 111. 19 1917 1
0197 11117 9111 0197 1191 1
09166 35080 · 2167 09166 6,115 4

18371911. 09956111101111191111 18471111. 02257 11124 -1-1423
Λρτ. 10 88‚107 4118 411110 9,042
Jul. 19 38‚179 4158 Jul. 19 8957
01127 38255 4102 09127 8868
09166 311336 4150 09166 8,775

18383911. 0225641290 -1-1420 162 18483111. 1225711789
1111110 41374 2,12 1111110 11,695
Jul. 19 41459 2,65 Jul. 19 11601
09127 41547 3,20 01127 11507
09166 41636 178Ι 09166 11412

1119111. 1991111111 1111919997 1919111. 1991711191111919
9111 191. 10 14,932 1
9119 111. 19 11‚21o 9
9119 0197 11119 1

 

