· ’1517515 ΧΙΙΙ.
aeduam monatianum 1557755.

= Log. [ρ Simu 05909-οῙ
hog. Δ Arg. 1103AE

&xo-wav-

999957 1 795 999595 1
999955 1 795 999555 1
999955 1 797 999577 1
999959 1 795 999559 1
999955 1 799 599555 1
9999551ο 795 995555 1
99995511 795 999555 1
59995511 795 999597 1
999595 11 795 999559 'o
99957711 799 999555 1
99955511 795 999555 1
111111 1 795 995555

Μ9μ9ωωᾞ
999555 1 799 999575

mmmmmfflff
999557 1 595 99955911
999559 1 595 99955511
999559 1 955 99955511
999555 955 999555

Μωμωωωὲ
995595 1 595 99955511
999555 597 999557

999795 595 99957512

995757 ξ 955 95955511
999777 955 9995551
999775 ξ 5959999511
999755 1 955 99959511
999755 1 955 59955511
999759 957 599555

999755 g 955 99959511
999755 1 959 99959511
999755 1 955 999555 11
959755 1 955 99959511
999759 1 955 995575 11
999755 1 95559555511
999755 1 9999995911
555 595 12

1 797 999595 ⁹ 2

5
999795 4 599 599555 ¹⁸ ·

Arg. == Δα

Arg. Lug. B .

wov-

fflwfflst
mmm„
mmm„
mmm&
mmm„

wwmw
100‚015104¹
mmmm
mwmss
mmmm
mmm

7 5 595755 ἐξ

10 0101760 11 ’

20 0,o1801 42
80 001848 11
40 001886 12
50 001987 11
8 0 001969
10 002011 11
00 0508063 11
80 0508096

55·

Μῲω
mm7
80 0,0416
wffl4
55 59595
lwffl
www
mmm

55 59557 ·

55 59555
55 59555
5 5 59555
55 59555
55 59959
5ο 59575
55 59555
5ο 515555

amm '

10 59595
20 59775
80 08909

 

