Tabulae X. 8000. V. a cygn.

1199112998939999214121131599 13401541. 13835503354-44541353
1 33.513’ 4013 191. 10 53305 3571

1 3333 91119 53735 5031

3303 ,0037 53305 3730

3333 l1910. 00 53374 3770

100741. 033540301043405130 1341341. 03030 0333144405οω
,1310 40333 5033 1134. ιοΙ 0303 5073

, , 4333 [511. 13. 1033 5150

,3,- 407451 4371 0037· 1334 5373
Decffi' 10‚o75 ² 4857 170060 1,157 629⁸

1333114 1050540133 44441 1311007111. 03030 3773 Ι44443 535
Apr. 10 42071 0,46 Apr. 10 &239 6.oe
1193 11:322 ⁴⁰91} 050 15ἓὲ 4,ἓὲ
13330 41337 5373 100000 3330 337

1835150. 02085 43947

———--.

*49911110‘9 1919'911. 03030 53335444433035

,7,1. 10 43333 1033 Apr. 10 5,407 3135
701. 13 43343 357 911. 19 5307 3303
,001 37 43737 330 03. 37 5341 3300
34000 43757 013 30000 5503 3377

1434744. 03035453111ἷ4ᾙ3130 1344044. 13030 mmm
19110: 45775 3034 131. 10 7335 3077

’101 19 45745

1373 711. 13 7343 3073
3037, 45731

, 1315 oct. 37 7354 37ἶο
:Dec.66. 45703 18,oe Dec.66 Ι7659 3769

,,1,-1..--- .. ..--...- --ῄ-ᾑ-

1305511. 03035 477501444413133 1345314. 03030 3700 0744435017
3131. 10Ι 47730 3030 15010 3700 5035
Jul. 19i 47.729 8046 Jul. 19 9693 5087
0037 47733 3033 00. 37 3373 5173
,34000 47735 3375 04000 3353 5131

1530741. 10035 43774 4444143715 040

Ι 5111. 0303011703104444 337
1101. 10 43733 4377 ῑΑρι. 10 113331 401

437331 4135 3111. 13 11353· 403
0037 43331 4130 0037, 11315 433
Ι04400 43350, 4171 105000 115731 400

0011. 0203551.831'÷144154,34 18475371. 020361362914-44441665
5429 Apr. 10 18582 1658
5481 501. 19 13581 1684
011. 27¹ 51994 54,40 00027 13,475 16.oe
00066, 52041 54,56 00066ἰ 18,414 15,ῗό

1888500. 0.808554,066“-ι-4440 7,10 18480011. 1008615476 -4-44442850
Apr. 10 54,117 7,80 Apr. 10 15,413
Jul. 19 54171 7,56 501. 19 15847
01127 54‚229 7,88 01127 1537ss
00066 §4291 827 00066 15,Ὧῖ

fflffoaeoss 50313 4444333074 13433411. jffmffi ÷44499997

1837

131. 10 50370 3170 191. 10 17301
30113 50441 3133 70. 13 17333
0037 50303 3314 00037 17355

5066 565771 22,ss Dec. 16,982

 

