Tabulae X. 8991 1. α Leonis.

Apr 10 2980 8494 4971 82968
191 19 2976 88, 88 1771 19 88000
09127 2962 88, 47 091. 27 88040
Dec 661 2940 8810 09766 88, 089

17611777 0 966 6,161 4181018117 11611777. 0 96688288 ÷13 7

777199, 1581977 9717197195 7779197 7 45177975 ÷19 7

775779. 7955 9975 977 95799 7777777. 9955779775 977 7
7777 9,775 57’77 Apr 79 79 799
77779 9997 ,

9777 9977 5777 97777 79977

07966 8944

17681777. 0 96618184 -1-18 94096 17681977 0 96648242 -1-18 7
777 779 9 7
09127 11917 41,82 09127 48626
09766 11,819 41,68 09966 486271

1764177. 0 96618064 4-18 92496 17641777. 1 96648802 -1-18 6
49710 . 14966 24,71 Apss' 46900
177119 18864 26,12 Jul. 19 46997
oct. 27 14, 762 26, 67 091 27 47, 098
Dec. 66· 14, 669 26 ,08 099. 66 47,188

’ 775577 9 97577997 ,977 9 777 7775717 9 95559797 ,977 7
49710 17, 808 828 19710 68460
99 79 77797 977 Jul 79 59ζ1559

09127 17,606 10, 46 09127 60686
09966 17909 11,09 09966 60,717

-—..—..

17661977 1 96620768 418 86871 1766179 0 96668901 ÷13 6
19710 20669 6496 19710 68979
1771 19 20,671 6808 Jul. 19 64061
07127 20,689 6871 09127 64,117
66,40 09766 64,177

17671977 0 96628649 -1-18 889,01 1767199. 0 96667969 -7-18 6
797. 79 77577 79, 79 7 r 10
Jul. 19 28611 4099 161. 19 67 470
Oct„ 27 28464 41 ,06 091. 27 67, 609
09766 28404 4178 07966 67 640

1768197713 966Ξ99ἓξ -1-18 82494 1768179, 1 966 0942 413 6
97. , .

7759771 effi} 41³ 7 977 7779997. 9 977 7999 977 5
777 777 Ξ1771 171
9797 79977 79ζ77 97777 7977
97777 79777 7797 97777 7977

 

