Tabulae X. Soet. 111. 6 Aquilam
Ι Ην

11961... 6191661666 11191061 1666166, 61111 6,·666 ÷ 81
Α.ρ1 Alo 80806 p. ¹ 0916
0.6 nm ων mm 1‚m
06187 81665 1087 oct 27 1099

06666 80587 11,00 01166 1,182

1191116,ο191035,518-1·81919,86 18011111 0191100881-821
1111 118

66191 65991
196666 65961

11116 16669
1111. 19 87878
06117 31888
01100 87,797

17981111. 0191010756 -1- 820 051 18081611. 0191110567 -1-8211
1111, 10 10667 006
1111, 19 10580 5,56
011. 27· 10197 5,00

195616191616616116961961 Γ665Ἣ1.. 0194116‚901÷⁸214
101169 15961 1961 16.. 10 16916

1111, 19 10988 1029 16119 10975
’01127 15896

0161015868

17981111. 1191018801-1-8802087 1 1611.0191119,912·1-8215
,119110 18778 2007 Apr. 10 10955

111119, 187511 21Ξ29 111119 10960
1118818888

179’ 1111. 0 1910510119 -1- 8808192 18071111. 0191128878 ÷ 8221
mo, 518611 8119 1 Apulo 20860 1

11119· 51619Ι 1699 16119 11661
1119, min!

two* 9181951985 ·1- 8208032 18081111, 1191120708 Ι182211

118188 5⁴⁸⁹oe 87 72 1111. 10 25657
,011175 117181

’99999 59791 6166 66166 65171

ωῊ--ῄ-

1661611819088181 9961699 166911.. 6191196919 16961

0191578185
11171 17101
516· 57808

 

