Tabula 1ῊΙΙ.
1753.

Lnga! 1205AE 14990 Log.D Low Β

»ονν-»σννννννονννννννν

san. 9 99454 99544 994994 49994 - ω 4695
, 49 99999 99549 999444 49449 49949 4995
99 99499 99444 994944 49494 49949 4995
99 99444 99494 494444 49444 49494 4995
44449 95494 99999 495494 49994 99949 4495

49 99449. 99949 49994. 99944 99959 4995
444444 95944 99444 494944 99944 99444 4994
44 99449 99449 494494 45449 99449 4994
94 99994 99494 494994 994544 99999 4994
44 99444 99499 494444 454994 99995 4994

99494 99999 494454 994444 99449 4994
99494 99499 499444 499444 99444 4499
99999 99544 495544 494494 99454 4994 Ν
93207 0‚8709 1,0886=· 1,186144 9,5602 40,oe
99499 99444 494954 499994 95494 4499

9,7669 08956 088449 imon 2612ss ÷0‚08
9,7891 0‚9040 0‚5880n lfflffln 9‚64⁰4 40,oe ,
9,8119 0,9092 29qu 1,3061n 9,6667 -Ι-0,04
9,8838 0‚9109 03547 1308812 9,6915 ÷0‚04 4
9‚8541 0,9092 om 128832 9,7150 ÷0‚04 4

99494 99944 99444 49494. 99949 4994
99494 9-,4949 49995 49444. 99545 4994
. 99995 99494 49499 49559. 99444 4994
99459 99445 49494 Ι494454 99949 4994
99944 99449 49994 99495. 99494 4994

99954 . 99494 49544 , ⁴ 99949 4994
99494 99449 99549 4999
99549 99499 , 99444 4999
99499 99444 , 99494 4999
99444 99494 49994 99944 4999

99444 99959 49949 , 99494 4999
99449 99449 49994 , 99944
99945 99995 49444 99444
99999 49944 49949 99544
99999 99494 ,9,4959 99444

09463 03201 98808
ἓῑὲἓὲῗ Q: {3325 affl

 

