Tabulae X. Soet. 1. 9 19919 auetrim'.

ι799ιιι 9949991999-96999199 ι799ιιιι. 1911111159-935'91
ιιιι 97 997 9799 ιιι. ιο 99 997 9
ιιι. 99 97 999 9799 ιιι 19 19'919 1
06127 97ζ799 97,99 οιι. 97 99999 9
9ιι.99 97799 ι9ζ99 99999 ι9ζ977 9

ι799ιιιι. 9999999997 -99999999 ι79ιιιιι &awos-W
’ Apr. 10 51348 5739 Apr. 10 22,785
9¹99 23:69³ 9:91 919 9:69
09966 50350 5736 09966 28385

ι799ιιι. ι99999999ι -99999999 ι79ιιι. 9999999999 -99999
ιιι ι. 10 99, 999 9997 ιιιιο 99999 9
ιιι 19 99ζ997 9999 ιιι 19 26,549 1
οιι. 97 99 979 9997 9997 99999 ι
99999 99 979 99,7ι 99999 99799 9

17531999 0224357,267-305520,88 17631999. 0224480371-80521
Apr. 10 57366 21,16 49910 80376 9
Jul. 19 57363 21,49 Jul. 19 30380 2
09927 56357 , 2137 09927 30384 2
09966 56348 2230 Dec. 66 30388 2

17541999. 02244 0,241-3055 8,41 1764599. 1224483307 -8052
Apt. 10 0,181 8, 87 Apr. 10 33, 910
911. 19 0322 437 Jul. 19 34311
09927 4359314 431 09927 84308
099. 66 59306 5,49 09966 34303

9799999. 99999 9997 -999999 99 ι7991ιιι 9“,999997999 -99999

47,14 Apr. 10 37317
4736 Jul. 19 37303
4839 00627 Α 37384
4934 09966 37359

ιιιι. ιο 9999 · 9999 ιιι. ιο 99999
Jul. 19 6312 8139 Jul. 19 41320
061. 27 5337 8234 091. 27 · 41375
Dec. 66 5369 3238 099. 66 41322

9797 ιιι. 99999 9999 -99 99 9979 ι797 ιιι. 9999999799 -9999
ιιι. ιο 9,ι99 ι9,97 9ιι.ι9 99999
ιιι. 19 9111 9999 ιιι. 99 99999
99997 9997 9997 9997 99997
99999 9999 99,ι9 Dec. 66 99979

17581999. 0224412,417-305357,20 17689999 1224448320 -30504
Αρι. 10 12389 57 74 Αρτ. 10 48327
Jul. 19 12371 Jul 19 48324
091. 27 12363 58, 71 09227 48 ,212
099 66 12, 365 59, 13 09966 48, 190

ι799ιιι 9999999,,7ι9-99999999 9799ιιι. 999999999ι
ιι ι ιο 99797 ιοζσι ι ι ιο ιι, ’999
11. 99 99 799 99ζ99 ιιι. 19 99 999
9997 99779 9999 9997 99 999
ιι.99 99 999 4119 nec 66 9ιζ99ιΙ

 

