Tabulae X 899911. α Lyrae.

ι999ἰιιι. 0199'9 9999 9998919999 9999999. 119929992 ,1999
ιρι 99 9ζ999 9999 99999 99ζ999
ιιι. 19 9ζ999 99ζ99 ιιι 99 99ζ999
99999 9ζ9ι9 99ζ99 99999 99ζ999
999. 99 9ζ999 99 9ι 999 99 99ζ999

---———-

Γ999199Τ. 9999999999 99999 999 9999999. 9999999999
99999 ιι 999 9ζ99 9999 99ζ999
ιιι 99 ιι 999 9ζ99 ιιι. 99 99, ’999

· 99999 11711 9ζ99 99999 91 196

099. 66 11,668 4,11 09966 81250

1772199 1192918,709 -1-8885 ,6,79 1782199. 0182933,261
Apr. 10 18 658 ’8, 18 919910 88817
99 999 99 999
09966 18,489 7,89 09966 88494

9999999. 99999999 999999999 9999999. 9999999999

19· 13 919 99 1913 999
69999 ι9ζ999 ’ ’. ’
999 99 99ζ999

ιιἿῖὶ-ἜΜ 999 99 9999 9999999. 9999999999 99999
· 9999 9999 99999

9999 ιιι. 99 99999
9999 99999 99999
9999 99999 99999

9999999 9999999 999 999 99 9999 ἰΙιιιι. 9999999999 Ἶι9999
Apr. 10 19‚079 14,89 Apr. 10 10,018

14,89 Jul. 19 40,091
. , 18,88 001. 27 40,185
09966 18918 1820 Dec„ 66 40,176

9999999. 9999999999 999999999 9999999. 9999999999 99999
. 9999 ιρι. 10 99999
9999 ιιι. ι9 99999
99, ι9 999. 99 99999
999 99 99ζ999 99 99 99999 99999

..n—1-——.-.——---—-—.

1777’.199 0182922889 4988851649 1787199. οἰ,182944886 -9-8885

- ιρι. ι9 99ζ999 99 99 4010441356
Jul. 19 92788 14 90 19119 44Μο
09927 22768 14 08 091927 44,879
09966 22748 1825 09966 44,882

99991999. 9999999999 99999 99 99 9999999. 9999999999 99999
p. 21,711 99 99 Ap. ι9 99ζ999
ιιι. 19 91,799 99ζ99 ιιι 99 99ζ999
99999 99999 9999 99999 99ζ999
09966 24,778 18 ,18 Dec. 66 46,878

ι999ιιιιι. 9999999999 Ἰ999999999 9999999 0¹192919,109 99999
99999 · 9999 ιρι. 99 99ζ999
99999 9999 ιιι. 99 99999
99999 ιιζοι 99999 99ζ999
99999 99ζ99 99999 99,99ι

 

