Tabulae X. 8001. Π. a Virginis.

1770Jan. 01111 7101 - 8171811 1710111 1111111111 -181Ι
Apr. 10 7,284 1986 Apr. 10 86,761
111. 10 7114 1111 101. 10 11114
0117 7111 1117 . 01117 11174
01111 7111 1711 01111 31140

17711011. 0181810926 -9678761 17811411. 0181840968 -100
111 111
00027 10646
00066 10972

17721411. 1181818987 - 9676490 17821411. 0181848480 -101
10010 18,169 6866 Αρτ. 10 48668
Jul. 19 18976 6291 Jul. 19 48668
00027 12988 6296 00027 48960
01066 12996 61,40 01066 48844

1771111. 0111111117 -1111011 1711111. 0111140111-10 1
11010 16972 1098 Apr. 10 47948
mm mm ms mm mm
00191 11771 111 0117 47117
01066 16678 896 00066 47980

177414Π111111111 - 0111711 1714111. 111 1110140 ’- 10 1
Apr. 10 . 18,761 2698 Apr. 10 60688
111. 10 11111 1141 111. 10 10111
0117 11110 1111 04117 10101
01066 18961 2661 00066 60998

ι
-.. -.-.--. -υ -- ——a-

. 0181821688 - 9684476 17861140. 0181868907 -102
· . Apr. 10 68987

111119 64962 ,
00027 641181
0006ὂί 64696

-—-—-...— ——-—----—--—

1776111n. 1111114110- 011 117 17111111. 0111117111 -101
11110 14170 111 11110 17171
111. 19 14111 111 101, 19 17111
01117 14110 111 01117 17171
111111 14111 101 111111 17111

17771111. 011111ᾕ111ἶ-11011-,14 1717111. 01114 0111-101

11110 17104 1111 11110 0170
111. 10 17114 1111 · 111. 19 0101
01117 17111 1110 01117 0707
01111 17100 1111 · 111110 0111

17711111. 0111101171- 0104011 1711111. 11114 1114 -101
41110 10140 4011 111. 10 1111
111. 10 10111 4011 111. 10 1141
01117 10111 4110 0117 1114
01111 10141 4117 01101, 1101,

17791111. 0181888478 -100 068 17891411. 01814 6948 -108
Apr. 10 88998 198 101. 10 6916
Jul. 19 88617 1117 1111 19 6678
00027 88649 196 00027 6628
01066 88689 296 00066 6966

 

