’1616616614 8661111. β 16661616.

1919'1‚„.0¹14999osm÷999,9 666666. 111911909 ,199

894 4611 19, lm
8,84 161 19 19,OE
4,46 06197 19 818
698 6666 19,404

1811166 0114060980 4 9494468 1891166. 0114199697 -ι- 946
4691 4661· 99686 .
4664 161. 19 99679
46,47 06197 99664
4799 06666 99688

ιιιιιιιι. 111199979914 9199990 Ιιιι. 911 ιι 99991 ,ι 919
. 9791 ιρι. 10 66667 ι

’ , 9790 16119 29‚077
6666 οιιιι 66666
9990 6666 66666

1818166. 0114066679 -Ι- 949 8,48 18981166. 0114199606 -ι- 9461
6110 66608 896 4661 99660 ἰ
161. 19 66646 9,49 161. 19 99907
061. 97 66, 889 9, 86 061. 97
06666 66 ,840 1096 Dec. 66 99 ,978

1814166. 0114069,,480·Ι-9484988 1894166.1114189699.6-946
46610 6069 466. 610 89618 ῑ
16119 69,401 6060 161. 19 89686

60 76 06197
6096 06666 89646

1816166. 01141 9,486-1-9488061 1896166. 0114186671 -1-944
8068 46610 86666
8069 161. 19 86669
8094 06197 86699
06666 9,488 8094 06666 866986

1816166 11141 6607 -ι- 9481066 1896166. 0114188684-1- 944.
46610 6696 1061 466. 10 88697 ι
Jul. 19 6664 1069 161. 19 88668
06197 6689 1097 06197 886111
06666 6688 1066 06666 88640

1917991. 01141 9919 49174995 ιιιιιιι. 0114141,795 ÷ 911
Apr.10 9991 9971 ιρι. 10 61766 .
ιιι. 19 9919 9919 ιιι. ιι 61666 1
0997 9909 4999 0997 41979 ¹
Dec. 66 9676 4860 06666 41491 l

1‘9‘19—991. 9¹1111 19‚177 ÷ 91799 99 1999 ιιι. 11111 66666 4991

Apr.10 19 949 9864 7166. 10 44667

ιιι. ιι 66666 6766 ιιι. 19 61666
97’91 0997 66376
6676 ιιι. 66 46666

—————=⁸-

1819166. 0114116686 -ι- 947 669 1899166. 0114147,48“7-190
pr. 10 16679 6 06 46610 47641
. 16 761 661 161. 19 47946
16 861 494 06197 47649
466 066 66 47669

 

