7777777 7777.
7777.

w 12053 7,»,77 141> μμ 77

wmwwww

1177. Ο 9,496877 08748
10 9,44441 0,4478
29 988161 0,4086
80 9,88461 08596
rebus> 987801 08020

77711 378ὲί 888

11 9,104477 0,1219
21 9889877 08886
81 886201 08674

777. 77 877777 77777
77 77777. 77777
so 77777. 77777

· 77]. 77 77777. 77777

2088648

80 87884
17777. 9 88777
19 9,1164
29 mos
1771. 9 98087

19 98706
29 9,4249

ms 77777
7777

87747 96607
77 77777
77 77777

oet. 7 77777
77 77777

27 9,6644
Nov. 6 9,6874
16 9,7121
28 9,7879
noe„ 6 9,7648

77 77777
77 77777

8698892

Ο ,1969

77777
77777
77777
77777
77777

08662
99598
98048
9,5621
98609

mm 77
9,410277
9,5486 77
88748 77
9,5809 77

9,407677
9,1548 77

88782
9,1208

9,1120
884161

877500 00787

081071 18998
080761 18789

087271 18425
188151 1,1876
1,15701 1,1092

1,209477 Ο,9,968
7879 777·

1841677 084461
lm· 1,1Ὀ461
1,156677 1,111277
1888677 1,186177
088251 188901

088441 imon
088791 189691
981021 1806177

778 iffi:

77777 77777.
77777 77777.

77777 77777.
77777 ,

172738

777 ,
77 ,
18824

77777 ,
77777 ,

8889177 18466

09780
77777

07704
om· {ff

7778
88878
881

9,1862
98144
ww

318

9,4862
9,4776
9,5154
9,5602

975874

9,6128
9,6404
9,6667
9,6915
9,7150

9,7878
9,7686
9,7787
9,7980
98164

98842
98512
98676
98884
98986

98184
3871

-686
-0,06
-Ο,06
-Ο,Ο6
-0,06

-Ο,Ο6
-Ο,06
’-Ο,06
-Ο,Ο6
-0‚06

-7,77
-7,77

979677

 

