Tabula v111.
1801.

IAM 1103AE Iaog.0 Log. D boga Ε

mwwwww

81111. 0 984046 990806 9609711 1,2999 -00

13 3:322}
80 96867

, Febr. 9 98869

19 99804
Mum 90782
11 91622
21 92127

·. 61 96661

1616 96166
8 388
996 666

80 95588
Jun. 9 96967
19 96874
29 9‚6748
161 9 97086

19 97888
29 97658
Aug. 8 97888
6 66

6661 96166

17 96611

27 96669
oct, 7 96191
17 96961

97 99062
Nov. 6 99211
16 99871

26 99541
060. 6 99716

16 99898
26 91066
86 90280

8, 4862
8, 7878
99184

9914611 9807011 1,2790
9928711 997251112426
9984411 9081411 1,1878
998556 1,1669· 1,1098 90888

9966411 920986 99970 91862
9968811 9248811 98266 92144
9968611 9268211 96184 92818
9119706 9269011 9,2798· 98898
9969611 1261911 96629· 98906

9966411 9241611 9844711 94862
09686 n 920681 9004711 94776
9960611 1,166611 1,1118· 96164
994146 9088611 1,186211 96602
9982611 9982811 9289111 96824

9926211 988406 1276111 96128
9119202 968726 9296911 96404
9119180 9906811 1,.80616 96667
9808811 96916
1,2882n 97160

9260011 97878
921686 97686
1,166111 97787
9068811 97980
994821 98164

974691 98842
9846711 98612
90907 98676
96688 98884
99019 98986

90442 99184
1,1414 99276
16699 96111
92674 99647
99284· 97267 92880 99677

,991801 907691 98066 99926
66669. 66119. 16961 66611

9919111 98664
9928411 97282

998086 99116
9989111 90888
9948711 1,1196
996806 1,1809
99661· 92289

997226 92619
997676 92664
9976116 12682
997846 92672
99679· 92824

9969916 1,1920
996086 1,1828
994026 90468
998106 99228

-661
-661
-661
-ο61
-661

..661
-661
-661
-661
..661

-661
-661
..661
,661
-661

-ο61
..661
,661
666
666

0,oe
900
90)
900
0,oe

666
666
o‚oo
o'oo
οζοο

o‚oo
666
666
⁰‚00
666

060
,6061
,6061

 

