'rabulae K Soet III. 9 Virgini&

1119119 911115991-16591199 991 1181191166191161
. , p. 2

1

1

89984
40516

8
1191119 9191111996 -19 96699 1991 ιιι. · 19111999 -191
1910 127 65,οΒ 1991148596
19684 6199 9919 99199
96991 19699 6991 96191 19999
91966 19111 6919 91666 19979
11991111 1191116916 -1911999 1999191. 9191116199 “-Τ91’9
91 911 ἡ19 191 1
’ 06997 16919 19ζ69 91999 17911 1
.. 09966 15220 10,05 09966 47562 8

17991111 9191119996 -1911999 1999169. 91911699161-1911

19119 19996 9999 1991 99961 2
19 ,9 91 2
Doc.66 18‚017 9161 111166 69691

1791Γ191191999 -1911699 1991111. 1191169996 - 199
Apr. 10 21501 4655 Apr. 10 53‚799
19. 19 91919 1696 111. 19 69966

09927 20948 4558 09927 58527
09966 20578 4556 Dec. 66 58981

17951911. 0181424088 -105 4,77 18051119. 01181457507 -10 81
49910 28572 454 Apr. 10 57557 ;
Jul. 19 28914 456 Jul. 19 57‚198
oct.27 23‚864 455 09927 57282
09966 28521 459 Ι 09966 57557

1196111. 1191199911-1969999 199699. 911916 9999 -19 6.
19119 96919 9999 19119 9119 .
19. 19 99911 9996 111. 19 9119
96191 96999 9196 96191 9191
Dec. 66 26581 2452 09966 0,417

1797 1911. 0131430,026 -10 54829 18071911. 01815 8564 -109
49910 80022 4859 Apr. 10 8550
. 4898 Jul. 19 8528
4452 09927 8497
44,75 09966 8,457

1199111. 9191199,196-196 9,66 1699116. 11916 6916 -19 99
Apt. 10 88228 ‹ 452 Apr. 10 6569 ⁴
Jul. 19 99969 169 sul. 19 6616
9991 99999 6,16 96191 6166
09966 88558 5,71 09966 6586

1799111. 9191196119 -19 69169 199991. 91916 9661 -19 91
49910 86584 2556 Apr. 10 9,481
111. 19 96696 9696 111. 19 9199
9991 96964 9696 9991 9919
91166 96999 9699 91966 9999

 

