Tabulae X. Soet 11. ssbeonc‘ae.

11191111 9119116119119511119 1199111. 1119111999 111111
Apr. 10 19,708 17,21 , 1991 419769
111. 19 19959 1191 . 19999
91191 19599 1199 91191 19999
09966 19626 · 17,ὃῦ . 09966 48987

1111111. 9119199919115595111 1191111. 9119159999 11511
119910 22‚647 58,oe 19910 62114
111. 19 22‚47o 5999 111. 19 59991
91191 99991 5999 91191 59191
01966 22,299 6935 Dec. 66 62384

ᾗῇιι-ωέὀῖοοΓῖεὲὡ QUEM} ᾗῇ
111919 95999- 9951 111119 59511 ,

111. 19 99915 1999 111. 19 59911
91191 99119 1951 91191 59195 .
91199 99991 1915 911991 59999 ;

17731911. 0113729126 -1-16602039 17831119. 0113768338 -1-1617
Apr. 10 28‚025 2148 19910 68932
Jul. 19 27926 2209 Jul. 19 69,οΰ
09927 27328 ml· 01127 69,111
09966 27,731 2336 09966 69197

11111111. 911919999111559 991 1191111. 11199 999911919
11919· 99199 919 11119 9999
111. 19 99 199 111119 9191
9991 99559 195 91191 9111
91199 99119 959 91199 9519

--.-- . --—-——-

1119111 9119199519115191599 1195111. 91199 9599 11519
Apr. 10 339191 16,89 Apr. 10 §.654
111. 19 99119 1911 111. 19 9111
91991 99919 1991 91991 9199

91199 99991 1959 91199, 5995

———-—

1119111. 1119199911119199999 11991111. 91199 9119111915
11119 99991 9919 11119 9999
Jul. 19 99919 9999 111. 19 9999
91191 99999 9991 91191 9959

Dec. 66: 86302 29,01 99966 19963

———...

17771911. 0113739282
19910 39267 916 119910 12,037
Jul. 19 39210 913 Jul. 19 12,035
00127 39233 9‚65 09927 12024
Dec. 66 39231 9,81 09966 12006

—..'— ..-. —.....——-— Ι Ι

1119111. 91191199991115191919 11991111 111991999911519
11119 19911 1999 11119· 19959
111. 19 19991 1991 111 19 19999
9991 19959 1999 91191 11999
91199 19995 , 1999 91199 11999

——- ---- --w———--

1119111. 9119115119111111184 fflffififfioiffiss
11· 1⁹ 113 99 1111 191 1
⁰⁰‘·²⁷ 4⁵⁵⁵⁸³ 2996 91191 11999
Μ 49644 2934 09966 19159

 

