Tabulae X 8991 V. y.Pegan‘

9999999. 98129999 9999919299 9999999 9 89 9999 414176
11113 288988 99,27 19 19 902828 1
99927 29999 9999 99927 9729 9
099, 66 29,096 1818 09966 0,810 4

18811999. 00482,2,06·-9-14148884 18417999 005 ,2864 -9-1418
119910 8280 919910 8,948
8280 Jul. 19 4,017
81, 88 Oct. 27 4,086
099. 66 81868 81,40 099, 66 4149

9992999. 999999Η979999999997 9992999. 999 7999 999997
496'10 94'999 9997 9999 7999 7
799 99 99992 9992 999. 99 7’,999 9
99927 99772 9992 99927 7999 9
099 66 84 719 5228 099 66 2899 i
4
1
1
1

9999999. 9 9997 999 99999 9999 99999999 99 99999 99999
999 99 97, 797 99’ 97 *4121 99 99, 999
799 99 97 729 9992 999. 99 99 929
99927 97997 999 999 27 99999
999999 97979 999 nec. 66 99999

9999999. 9Ι 9 9 999991999992992 9999799. 9 99 99929 999 99

999. 99 99999 2992 999. 99 99999
799. 99 99999 2997 99. 99 99999
99927 99997 9999 999. 27 99999
999999 99997 9929 99999 99999

-----—-———-——

1695 999. 99 9 9 9999299999 99 9922 9999 san. 9 99 99999 999999
Apr. 10ι 42889 50,42 Apr. 10 16,620 ⁴
999. 99 99999 9997 999. 99 99979
99927 99 999 9997 Oct. 27 99929
Dec 66 99 999 9992 nec 66 99979

9999999. 9 9999999 999999999 9999999 9 99 99 972 41419
p. 9999 99999 19'599 ι
999. 99 97 999 92 99 999. 99, 99999
99927 97 999 9299 1999 279 99 999

1837Jan. 00450277 -1-14168283 1847’.1999 00522898 ÷1419:

18881999. ’,00452685 -9-14165484 18481911.10525145÷1420
Apr. 10 52721 55 48 9199910 25 048 1

Jul. 19 52809 56,02 799119 22951
09927 58 900

09966 58 998 5222 099 66 24 755

9999799 99997992 999979799 99991999 99927999999299

Apr 10 52136 17 ,65 94999, 10 27 ,772
sul. 19 57,2,29 18 24 Jul. 19 22678
00627 57 8221 1282 09927 22586
Dec. 669 57,’414“ι 1288 09966 27,497

 

