Tabula xu 6666976966.

Rodum observatiam solit.

w·

Julius»

423„ ἔαξε, 1203AE Tang. 866. ι 19636 Ἢ ἐξ Pffl' '

o 91966 9661666766 6699 1666 6666696169666 9666
17619661 6769 6696 1667 696 6699 9666 6669
1769 ο,οο 6791 6696 1666 6616991 9666 6666
1766 666 ,6716 6699 1666 669 6696 9669 9666
1766 666 6669 6,9991,6666666666 9666 9669

1769 666 6666 6696 1669 669 6967 9666 9661
1699 666 6699 6916 1666 6,99 6966 9666 666
1669 ο,οο 6696 6616 1666 666 6969 9611-661
1669 666 6661661916696676666 9669 -661
1667 666 6699 6619 1661 666 6961 9667 -669

1666 ο,οο 6966 6669 1666 669 6979 9691 -666
1669 -661 6996 6667 1679 666 6977 9696 -669
1661 -661 6966 6969 1676 666 6976 9669 -669
1666 -661 6669 6661 1677 666 6679 9669 -666
1666 -661 6619 6696 1676 666 6676 9666 -666

1691 -6,61 6967 669616766666966 9666 ..667
1667 -6,61 6919. 6699 1679 666 6966 9669 -666
1669 -661 6169 6666 1676 6616969 9669 ..666
1666 -661 6119 6666 1679 676 6669 9666 ..669
1669 ,661 6666 6661 1676 666 6666 9669 -6,16

96 1667 ..669 6616 667616696766966 9669 -6,11
1661 -669 9966 667916666666666 9691 -661
1966 -669 9966 6676 1667 6666996 9666 ..6,19
1969 ..669 9696 6666 1666 6666996 9669 -666

99 1969 -669 9769 6669 1669 6676669 9669 -6,19

96 1966 -669 9766 6666 1669 696 6969 9669 ..6,19
96 19,19..6,69 967166691,6616996,966 9666 -666
97 1969 ..669 9611 6699 1669 699 6996 9661 -666
96 1666 ..669 9666 6696 1666 696 6699 9669 ..6,17
99 1666 -669 9969 6696 1666 696 6917 9669 -6,17

66 1661..666 9996 666616661666616 9666 -6,16
2} &32 ’636 666 ἓὲἓὲ 93ἓὲ ¹2⁴3} 2& 22³3 ‘333

Q-oeQesQ οδωωμ

 

