Tabulae X. 8666 IV. y Aquilae

7676776. 9716171679 7717 971767 76967676 7716771679 77676
1111 11111 118 11161 171111 “
66797 76669 69 76 67697 79966
67666 76669 6969 76666 79696

1

1

7677766. 67967 76767 776 97766 6697776 6796776 777 {M
Ap 47,54 76776 76667 6
Ι’ 7766 76779 76699 ξ
6

06627 16187 46,76 06627 46 361
46,27 06666 46,438

———

7679776. 7796776666 776 ⁹5⁶4}ss 7699776 6796776666 77677

7717. 79 76677 6669 11111 8666 ‘
6996 67797 76777

7776667 76666 6996 7776. 66 76667

7676766. 6796797 676 77676 ο,77 76961776. 6796767676 776777
116710 21, 476 0,07 Apr. 10 61426
Ju1.19 24 779 96967 767. 79 67 777
66697 97666 6666 66697 67,676 6
Dec. 66 21, 304 67, 80 Dec. 66 61,662

18141870198724,176 -1-1010 6, 82 182417711987646396 -1-10111
Αρ7. 10 24129 6,68 1671· 64426 1
1711. 19 24 ,090 4 78 Jul. 19 84, 449 1
Oct. 27 24 ,069 3 94 Oct 27 54: 464 1
Dec. 66 24, 086 8,14 Dec. 66 54, 471 1

7676 776. 6796796697 77676 77 67 76961766 6796767697 776777
4 pr. 10 26879 10,88 Apr. 10 .
mm mm mz mm mm
67797 96667 967 66697 67666
nec 66 96676 666 776666 67969

7676766. 7796799696 7767677 76 7696766 67966 6676 77677
767. 776 99766 7666 767. 776Ι 6776 ι
767. 79 99667 7667 767. 79 6669
67697 99667 76 96 667 97 6669
Dec. 66 29,819 14 63 Dec. 66 87 69 988

18171977. 0193732661-7-10102309 18271197. 01988 2,861
767. 76 69 766 99, 66 767. 76 9666
Jul. 19 32746 22,oe sul. 19 2746
06627 82798 21,68 06127 2678
066. 66 32867 21,32 Dec. 66 2606

7676766 6796766697 776769977 76961766.Ι 77966 6766 77679

181911Α777.131937Ξξξέξῖ -1-101037,20 18291777. 01988 8,043 -7-1012
pr.

767. 79 66666 ’ ¹³
67697 69667
06666 39122 ’1

 

