99999. 'vm
9999. ¹

- 1193] 1193AE 1193AE Low laga Ε

ῸΝΜΜΜἉΝἉΝ,

9116· 0 960976 0,1277 0161686 13999 ,
10 946976 o,9691 031666 13791 ,
20 930676 93619 037226 13426
99 99599. 96965 19699. 99979

1761669 929646 96494 ·1,166961,1096 ,

19 924066 83166 130996 03972 , ,
Ml 918496 9,18196 134986 0,8269

11 932606 9ἰ66209 ,126926 o,5188

21 9:⁸0& 9,64896 136906 9,29686

91 838686 9ζ66909 126196 066286 ,

961913 &Qu 967496 124166 034476

9. 9:990: 3936 9662 181ῗί 361Ξὲ. ,
Πε9107ζ66926 9,284961,089461,18626 9,6602

20 83196 836996 038226 139916 9,6824

99 69699 96999. 99999. 99999. 96996
sn 9 99719 7‚5979 0299999 1‘9910„ 96999
19 9,1129 9294999 9ζ.9999 99969 99669
99 99999 9119120'9979 1'90329 96999
69 9 99999 99699. 99999 99999. 96999

19 96799 96966. 99999 99699. 96679
99 99999 99999. 99999 99969. 96995

9996 9Ξῇ 9,.9999 1'1199 1319199 9,ng ,·,
99.. 999 999: 99. ‚

9.,99 99669 99999. 99966. 96999
96996 99999. 99969. 99999

99 96999 99999. , 99999 99979
9999 96999 99999. , 99699 99999
17 919199 99999. , 99999 96966

99 96999 99799. , 99999 99999
99...6 96999 99999. , 1'1119 99279
96 99999 99999. 99996 99999
99 9699 99996. 99999 99999 99999
6., 6 9699 99999. 99969 99699 99679

99 99969 99969. 99999 99999 99699 .
96 96999 99999. 99996. 99996 99999
99 99997 99966. 96999. 99999 99999

 

