’11111719 vlu
1886.

uu ¹⁶⁶⁸ mo ug.» 1.... 19

wwwwww

111 1 97911. 19797.. 11111. 11999
10 014709 026509 oms· 02791
71 97179. 11171. ome. 19711

· -ω
888

11 91779. 11711. 11117. 71179

Ι11119 99177. 17111. 11719. 17191 ,Ι

19 019999
Muti 018119

046219 mos: wo} ‚

019559 19998

11 006479 051919 126829 05188
21 098589 058829 026909 027579
058829 026199 056289

058589 028159 081179

81 088879

apr. 71 17111.
73 W:
Mul. {g ἓξὲξ

80 89962
11111. 9 00800
19 91911
29 9‚2890
Jul. 9 9,3689

19 01252
29 9‚4757
1 Aug. 8 agg?
18 3:⁵⁸oe

11117 91111
77 91115
77 91719

oet. 7 91117
77 91197

27 9‚7062
Nov. 6 97281
16 07680
26 9‚7767
011. 6 08019

16 08269
26 98510

86 08786

052599 120389
051199 015569
019599 008819
01807 9 098229

086959 088879
046509 058669
016909 090819
048219 08576

050829 07287 ,

058029 09119
056089 mmo ’
059079 01196

001189 ζ

11771. ,

018629

Ι0289111 ‚

2:33: .
19117. ,

11111. ,

(11791. 11119 ζ

06187 9 02210

11117. 79179 ,

067689 12664
068129 02688

11111. 11179 ,

068189 12825
067259 mm

066089 01828 ζ

064829Ι 00169
068719 0985
068009 07261

06700. om 79197
31717 1077 797

 

