’ Tabula 100. mim

&fractio astronomica.

-ι--ι--ι--ι-ιι
foetor narrationi· ⁸ gradu Thomomotri exterioris pendan· =y

scala 80848 ,
Beuum. . maun. 00000.

bos-r · ¹1⁰w 1003

*svs-a Μ κ’γν Μ

1008990 4 007873 -1- 001448 4 001448
,1008766 4 007193 · 4 001361 4 001390
1008633 4 007013 4 001064 4 001133
4 008390 ,1006833 4 000863

,1 008069 4 006664 4 000664

1 007839 4 006476 4 000470

4 007601 1 006398
4 007373 4 006133 ,
4 0,o7147 4 006946 -000100
,1. 0069ῒῖ -1- 0,05771 - om&
4 0‚06698 4 006696 - 000486
4 006476 1 006433 - 000676
1000364 1008340 -000888
1006084 1008077 ..001060
4 0,05815 4 004006 - 001336
1 006696 4 004734 - 001433
4 006379 4 004664 , - 001607
1 006163 1 004304 - 001791
.1 004048 1 004336 ..001974
1 004734 4 004067 ..003166
1004633 4 003889 30 ..003338
1 004310 4 008733 - 003619
4 004000 1008658 22 -o‚02699
4 003889 4 003300 ..003879
4 003681 4 003336 ..003067
4 003473 4 003060 ..003336
4 0‚03266 4 o‚02896 ..008413
1 003060 1 003733 - 003689
1003058 4 003570 -008706
,1 003063, 4 003408 - 003940
1003449 1003347 80 -004114
4 003347 1 003086 ..004388
4 003046 1001936 33 ..004461
4 001846 ,1001766 33 -004638
1001040 100ιο07 84 ..004806
1001448 4 001448 86 ..004976

..ι-

Ὦωχὶοἱοιρωδθυ-Φο

 

1000377
1003085

ΙΙΙΙΙΙΙ

Θμωωοβοὶοἱᾯω

Log. narrationis = 1 Tang.D.aV. 44441494247.

 

