Tabulae X. 8991. 11 29 Librae.

1339311. 91131119, 933- 1319139 1399391 1113913399-
Apr 10 12448 25,16 493. 1· 48845
99ζ99 11119 93993
9339 9993 93339
9339 ,93333 93399

17711911.0148815,-687 15 48885 1781199. 0148846800-
88,15 Apr. 310 46878
87,42 19119 46851
8681 09127 47884
8680 09966 47,128

17721119. 1148818896 -15 45186 1782119. 0148850888
5186 119910 50,479

, 5089 191 19 50878

. , · 4984 09127 50869
09966 18841 4981 09966 50868

17781933. 0148821,-667 155 484 17881931. 0148854080
Apr. 10 21, 568 425 Apr. 10 54280
191. 19 21867 889 19Ι. 19 54229
09127 21864 8,19 09127 54828
099. 66 21, 259 288 1099. 66 54427

1774199. 0148824589 '— 15 51889 1784199. 11488 57890
193. 10 24484 1787 Apr. 10 57888
19Ι. 19 24880 17,61 191. 19 57882
09127 24 278 17 81 091. 27 57874

09966 24177 17,07 09966 58 068

1333111. 9193393393-13 33933 1395911 919391,-399
31119 93’319 1111 11111 1111

. , 32, 97 oct 27 1,569

99933 93339 3993 nec 33 1’333

———

17761319. 1148880861- 1554788 17861931. 01489 4,-911
149910 80881 4788 119910 4975
4785 191. 19 5881

4818 09127 5879

4888 09966 5820

1333111 9193333993- 133 339 1333311 91939 3,.-993
999 Apr. 19 3339
933 111. 19 3333
9993 33333 933 93393 3399
nec 33 33 333 399 nec 33 8'487

156

1⁵7:

1
1
1
1

-15 71

-1571

-158

13 31
1
1
G
13 33

1

-158;

1778199 0’148886,-641 1562084 17881931. 1148911882-
Apr. 10 86, 621 21, 18 1193. 10 11888
191. 19 86 610 2166 191. 19 11874
091. 27 86, 609 2288 091. 27 11855
099 66 86, 617 2284 099. 66 11, ’727

1779139. 0148889,-908 15 68818 17891931. 0148915,-085

11 19 339 118 1113 11111

9993 39933 9999 9991 19393
99993 99919 9939 99933, 19393

159

-1391
1
1

 

