’5614614441 Suet Ill. 6 Qui.

4446’444.’ 466141 ,446 6441644864 4666’ jfflsfflgm 44561

4444 44644 · mo 6444 46444
444. 44 44464 u1¹ ⁸⁶4⁷1

06627 17556 2οΞ56 06627 56517

4444444. 466644446444644644 4664444.
. 44,64 44446 46444

44444444 6466446664 4444446644 4664444. 6666444466 444646
,564101 &M Apr.10 55306
04665

Ρ’· 4 4 ΑΡ· 4
4
. ζ 4
’,5ξ644666644 6466444466 444464
44446 46664 4446 46446 .
444 44 46466 4464 66644 .
64444 46446 2333» 66444 66646 .
64666 66446 4666 64466 66664 .

17971444. 0205550,265-4-555556,05 4661444.6’.4666464,666 55551
44446 66ζ4644 446 64446 ¹
46. 44 ,464 .44 64444
06527 ‚191 ' 5550 06627 52152
Dec. 66 50, 179 55, 51 06665 salso

4446444 6466464446 4444664646 Ι444. 4464464444 44466
44 6 6164 446 444 646

17995444. 0205555266 4541556762 1809146. 0-,205556155 -4-5556
Apr. 10 55252 5758 Apr. 10 56125
Jul. 19 55505 6731 41. 19 56092
06627 55550 5711 06627 66‚(>50
06666 55565 57,08 176666 56,(55

 

