Tabula Vlll.
1810.

8008 1103AE LogJJ Log.D laga Ε , .

“wwwvvvww-ovoe

ιιι 0 , 09070 090900 09999
00 , 09000 090090 09790 ,
00 09070 0970οη 09000 ,
90 , 09009 090000 00070 ,
0009 ι, 09099 090090 09090 ,

19 , 09215 1909800 09970 ,
{an 1 , 0,9149 191880 09267
00 , 09000 0900οι. 09000 90
09007 09090. 907070 ,
09189 1961970 0562970

09808 19415οι 091470 ,,
09292 190680 190470 ,
09895 1955670 musa ‚
09500 1988570 1986201 ,
09598 098280 1989170 ,

09079 09009. 0970οη ,
09700 090700 099097. ,
09700 990000 0900οη ,
09700 09007 090007. ,
09700 09000 090000 ,

09684 09116 1960070 ‚
09611 19888 1916800 ‚
09000 09090 000000 ,
09009 09οο9 0000οη ,
09860 19889 09481οι ,

09801 19519 0946870 ,
09866 19660 0945670 ,
09866 19688 09908 ,
09289 19572 · 09688 ,
09868 19884 09019 ,

09009 00900 09000 ,
09007 00000 09000 ,
09000 09000 09090 ,
09700 09000 09070 ,
09790 09000 00000

09885 09292 19087 9808
09840 097580 19056· ‚
09818 06477οι 19987 ,

⁰?-

Ξ-

62⁶?-

«i

2⁰
80
10
80
80
9
19
29
ιΙ. 9
19
29
8
18
28
7
17
27
7
17

Ξ

883 ΞΒΞΦΒ

 

