Tabula vlll.
1787.

1⁴03] 13311 1103ss Log.D laga Β

ΜῸΝΜΜΜΜ

Jm. o 9‚5177 offla„ 0‚51oo· 1‚2998 -ω 3633
ιο 33333 333313 333333 33733 33333 3333
33313 333333 33333, 33333 33373 3333

33333 333333 133333 13377 33333 3333

33333 333133 33373. 33333 33333 3333

33343 33333. 33333. 33333 33333 3333
33333 333333 33333» 33333 33333 Ἶι333
33333 333333 33333. 33333 33333 ,3333
33333 33333. 333333 33333. 33333 3333
9,7506 0,.88743 1,2619n 0‚5629⁸ 9,8905 -1-0,06

9,7658 0299633 134153 084463 94862 40,OE
9,7880 0314593 lma 1‚0047u 9,4776 40,OE
9,7994 ⁰,1753u 1,1556ι mma 9,5154 4-0,Οὸ
. 9,8180 008693 108863 l,18612 9,5502 40,OE
9,8877 9980533 098243 188903 98884 4-0,ὓὸ

9,8581 9,85803 088413 mma 9,6128 4-0,θό 1
9,8787 9‚7267u o,5874n 1,2969n 9,6404 40,OE
9,8990 9,60583 990763 1806133 9,6667 4⁰‚06
9,9185 952623 08559 180883 9,6915 40,OE
9,9868 9518833 omo 1,28822 9,7150 40,OE

33333 33733, 3333 33333. 33333 3333
, 3333 33353733, {³33} 33333. 33333 3333
’ 33333 333331 33333 181111 &Q ssgjssg
o,0os⁷ 33333. 33333 33333. 33333 ,3333

33333 33333. 33333 omo. 33333 3333
33333 33333, 33333 33333. 33333 3333
33333 33333, 33333 33333 33373 3333
33337 vm. 33333 33333 ,33333 3333
17 33337 33333. 33333 33333 33333 3333

33333 33333. 33333 33333 33334 3333
Nae 0‚0619 33333 33333 mm 9‚92⁷6 40,oe
16 33733 33333 3333 33333 33333 3333
33 33333 33333 om 33373 33333 3333
nus 33333 33333 oms 33333 33337 ,3333

16 33333 33333 33333 33333 33333 40,oe
33 33333 33333 33333. 33333 33333 3333
33 33333 33333 33333. 33333 33333 3333

 

