773777 9777.
¹ 7733

hog. Α Log. B Lug.. 0 hog. D' Log.t E

WWWWWW

93993. 939737 93797 7 73993 - 00 3637
93333 939377 939797 73799 33339 3937
93739 933937 997937 73793 33973 3937
93977 937737 733777 73377 39737 3937
. 93379 933797 733797 73993 93333 3937

93333 933977 739977 99939 93339 3937
93997 933377 737337 93933 93777 3937
93777 933397 733397 93739 93373 3937
, 93333 933337 733997 933777 93393 3937
93337 933777 733737 939997 93993 3937

9,6761 0352177 1341677 0344677 9‚4862 40,OE
9‚6974 0‚8394u 1‚w68n 1904711 9‚4776 ÷⁰‚⁰³
9‚7198 Qssffln 1‚1556n 1‚1113n 9‚5154 4093
9,7485 0307777 1383677 1386177 93502 ÷0‚04
9,7681 0‚7912n 0,9824n 1‚2890n &5824 4091

93939 937397 933797 737397 93793 3937
93739 933797 933777 739397 93797 3937
93793 933337 939737 739377 93337 3937
93337 933397 93333 739337 93973 3937
93373 933777 93939 733397 93739 3937,

99977 933937 99777 733977 93373 3933
99973 933397 73337 737397 93333 3933

. 99797 937737 73797 733377 93737 3933
99379 933337 73393 733337 93939 3933
99339 939737 73939 997337 93737

99733 939997 73379 937797 93379
99339 939977 73337 937397 93379
99939 939377 73339 93993 93373
93939 933397 73379 93333 93337
93733 937797 73397 99999 93933

93933 933737 73979 73773 99737
93379 933737 73399 73777 99973
93739 937397 73737 73999 99777
93399 939797 99999 73377 99377
93797 937377 93933 73339 99377

93337 933937 93973 73933 99393
93993 933337 937797 73933 99993
93 93793 933397 937377 73937 93977

 

