Tabulae X. 8901. 1. β Tauri.

1190111. 0 41091119 1111111619 1100111. 1 111 0299111111
11110101 81698 960 Apr. 10 6‚990
111. 19Ι 31111 111. 19 1109
011. 111 31115 199 01111 1119
09066. 81,708 7,17 09066 7677

17518111. 0 51085691 ψ28221164 17615111. 0 51110648
111110 85,476 10,71 110110 10‚889
JuL 19 85,451 960 ι1111. 19
00127 85,415 969 00027 , 11607
00066 85669 8,.80 09066 11678

1151111. 1 51019101 1119111115 1101111. 0 5111111111911
- 11110 99111 1111 11110 11110
111. 19 39119 1113 111. 19 11191
01111 19111 1011 01111 15191
91100 39191 910 91100 19131

1151111. 0 91011101 1119111119 1101111. 0· 51119119 Ἰ11111
. 11110 11019 1111 11110 19119
111. 19 11519 1111 111. 19 19131
01111 11110 1111 01111 19110
111100 11110 1119 111100 19191

1191111. 0 51010115 1119191011 1101111. 1 51113191 11111
11110 10110 1919 11110 13100
, . 15111 1911 111. 19 11119
01111 19199 1913 01111 13111
· 91100 19190

1468 03066 28645

1199111. 0 51019199 1111111910 1109111. 0 51111199 Ἶ11111
11110 19190 1911 1 r. 10 11101
111. 19 19101 1911 1 ,19 11111
01111 19111 1915 01111 11119
111103 19110 1911 1111. 00 11111

1756Jan.·1 51052645 -1-28222265 17661111. 0 51181668
Apr. 10 52680 2269 Apr. 10 81669
1111. 19 52619 2860 Jul. 19 81,664
00027 52618 2869 00027 81654

Dec. 66 52,411 2865 00066 81,887

’ 17571911. 0 51056224 -1-28222767 17678111, 0 51185690 -1-2828
1111010 56627 2868 Αρῐ. 10 85670
Jul. 19 56688 2865 Jul. 19 55‚740
Oct.27 55656 2968 00127 85602
00066 55682 2967 09066 85655

1153111. 0; 91099190 1119111911 1109111. 1 9111911911911
14111110ἱ 59618 8425 141010 89666
111. 19 99190 1111 111. 19 19103
01111 59111 9911 01111 39110
91100 99119 1011 91100 99110

——q

1759Jan. 0511-1105 11911 1010 1109111. 0 51119111 11111
1119 191 191 111 111
01111 1101 1151 01111 11519

00066 8,204 4868 00066 48696

 

