Tabula Vl. continuata.

¹ ,4333377343 recta 3337133 Solis, pro 3333333 meridiebus 373433· fic
addita Nutatim solari.

Maius.. Iunius.

33 ’33 43 433 ’33333 33 333
37 3343 33 43333 37 33333 33 43333
43 33374 43 43343 44 33337 43 43333
44 36336 47 9377 45 26316 47 89380
‚ 43 33734 34 3333 43 33373 34 33333

33 43337 33 3333 33 43334 ’ 33 33333
33 43333 33 33333 37 43333 33 33347
3343443 3333333 7443443 3333333

433,οο3 333333 33334 733333
333333· 43 43343 ’3 3333 4443343

‘0oeerOE *mmo-*0

· 4333444 44 43334 43 3443 43 43333
43 33373 43 44333 43 33377 43 44333
3333333 3333337 3333334 33 3373
3434333 3333333 3434333 37 3333
33 43333· 3334343 33 43343 34 4333

1.⁰
11
12
18
14

* 3344333 3433374 33 44333 3433343
33 44334 3334333 33 44333 33 34337
43 3337 4334337· 4333334 4334333
44 4334 43 47343 4434373 4347333
43 4333- 3344433 4333333 3344334

μμῦ-δμμ
ιοοοκισιςσι

34 37377 34 43334 33 37333 3443343
33 34333 33 7343 3334343 33 37333
3333333 334377 3333333 43334333
4347347 · 33333 447333 333377
743334 337333 343343 4337334

44 43334 43 33334 43 43373 44 33333
4337343 47 33333 43 7333 , 43 33333
43 33373 34 43337 3ο 3333 43 43333
3333333 3343333 34 3344 3343343
3733333 3333334 3733334 33 3333

34 33347 33 33344 34 33337 34 3333
33 43334 33 43343 333333

88 238888 388ssssss

 

