Tabulae X. Soet, V. a Leonis.
1

1666116 16116961116116196 16161166 1161161966 16111111
Apul 16966 6717 111161 61176
161 16166 6791 111. 19 61967
6667 16669 6616 oa. 67 61966

,111666 17966 6911 116666 61166

16611116 o 96961166 1116176166 1611111. 6196961666 16111996
161. 10} 61166 6667 16610, 61166 6671
suu. 19· 61967 6696 111. 19Ι 61969 66116
66611 66967 6666 661671 61961 6111

nense} 66991 6191 666661 61966 6696

1666161. 1 9696111911617 696 1616116 6 96967991 11611 661
1111616Ι 61661 796 'Apul 66966 991
16119, 61616 697 161. 19 66961
om! 66971 696 661671 66966
ineam} 66969 961 ,nasei 66999

1666116. 1196967166 116166ῐῖ7ῐ 1616666. 616 0 1619 1116166611
16116 67166 6666 116116 1966
11119. 67111 6696 111. 19 1961
6667 67161 6696 {ow 1996
06666 20106Ι 5087 106666 0278,

1661111. 6Γ96966,667ἒ1161666.66 1611166. 1¹10 61161 1161616116
1411610 80815 8081 16610 4,457 8081 ¹
Jul. 19 66666 6719 161. 19 1166 6696

6

6667 66666 6766 6667 1976
61666 66996 6799 61666 1966

1885166. 0 9698058414-12462086 18451611. 010 0 7,5471-1.124312,88
Apr. 10 80625 2060 Apr. 10 0489 1οΠ
sul. 19 80678 2077 Jul. 19 0424 1278
oct. 27 88‚728 2⁰‚89 · oct. 27 73⁵2 1276
06666 80791 2094 06666 0274 12,ae

1666166. 1 96166976111616 696 1616116. 616 616966 1161666111
1111610 37‚041 3‚59 1111610 10410
111. 19 67111 666 161. 19 16966
66167 67196 611 66167 16911
06666 87376 028 06666 10144

1667161. 6196916161 1116161699 1617111 6
Aps. 16 16666

1666111. ο 96916966 1116166796 1616166. 116 616916116166696
16116 11966 6791 Apr. 10 16916

16691116. 6 96917917
116610 47,643
Jul. 19 17967
6667 17966
06666 40916

 

 

