’ Tabulae x Soet 1 α raam:

1790916 9 44444444 4849 694 444999. 4 ¹1¹6 11444 ,446
Apr.10 37, 465 58 59, 54 Apr. 1⁰ 9422
994 49 441449 44 44 44 49 9444
94444 441444 44194 9944 9449
94444 441444 44144 94444 91494

17513911 0 42140902 -1-1559 5,71 17611911. 0 42212907 -1-16
p. , - 491 419910 12947
· . , 4,12 11119 12996
. , 3,33 oct. 27 13 052
. , 2,53 099. 66 13, 117

176261111. 1 42144,231 -1-15591096 17621941. 0 42216,517 -1-16
Ap. 1017 4119110 16 585
. , 9,41 Jul. 19 161662
. , 8,66 094. 27 16, 744
. 794 09966 16831

4444941. 9 44444444 94449944 44444Ἷ44499444 ÷16
11„ 49 441444 4494 444 49 99444 ·

19119 47,277 15, α) Jul 19 20 408
094. 27 47, 187 14,40 094 27 20505
09966 47, 092 13, 84 099 66 20 606

-.. -——.-..——-.—..-

09427 50242 2092 09427 24901
09966 50,135 2090 09966 -24,404

1755149. 0442158598 1155921475 1765199. 0 42227,793-116
111. 10 44, 444 4444 494. 49 44494
191. 19 53 379 2827 191. 19 27995
Oct. 27 58, 271 28, 14 094. 27 28, 092
099 66 53, 164 28 09 Dec. 66 28, 187
17561991 42159622 415693666 1766199. 1142281979 -1-16
Α r 10 56,517 3696 Α r 10 31, 671
191. 19 56416 3633 Jupl 19 31758
Oct. 27 56, 320 36, 48 094 27 81, 840
099. 66 561228 36, 70 09966 31916
1757 an 9494494144 ,49494444 44 1449444444441944
p. 59 592 45 03 19910 35 386
. , 45 37 11149 85 451
. , 45 78 09927 35597
. , 4625 Dec 66 85 556

1758199. 0 422 2913 -115595498 1768199 1 42238964 -1-16
Apr. 10 2, 750 54, 74 119910 39 008
Jul. 19 21696 5590 19119 39042
09427 21652 5591 09427 39068
09966 2618 56,57 09966 39983

1759199ίο 422 6051 -1-16 0 4,48 1769199. 0 42242503 -1-16
Αρτ. 10 6022 5,17 Apulo 42612
Jul. 19 6102 598 Jul. 19 42,512
09427 54993 6,63 09427 42502
09966 5993 7,40 09966 42483

115416611—21651‘7 Ἰῖ6449944 1761111.1 4944994 416
Apr. 10 50448 21, 66 Apr. 10 24, 097
994 19 49449 44144 194 49 441499

 

