'rabulae X. 9999111. 206 096999.

9999999 9919999999 -9999199 9999999. 9199999999 -9999
99999 99999 9999 9999 99999 ⁴
646 99999 9999 644 6336 9
99999 99999 9999 99999 49,690 9

- 1791990116921,190-16916,11180199. 116966,166 16111
,19910 21,1α) 11,17 Apr. 10 58ζ252 ι 1
09966 606oe 6267 09966 56,518 1

9999999. 1146944469-16 99999 9999999. 999999999149999
999 9999 999. 99 999 99

,99 99999 9999 999 99 99 999
99999 99999 9999 99999 99999
99999 99999 9999 99999 99999

9999999. 9999999999-99999999 9999999. 01440 9999 -9999
ρ.. . 9999 99 999 9999
9999 9999. 99 9999
, 11'26 09999 9999
, , 99, ’99 99999 9999

1 199. 146929964 -161026,61 1 699. 11110 4096 1616
. 26 51 Apu 10 1,171
26,18 69119 4946
26 62 09127 1611
2662 09966 1670

———·

-16 1058 61 18069999. 0111011,101

6911 164 19 11188
69,62 09127 11111

-999999 99 9999999. 0'144014‚466 -9999
16 ,96 Apr. 10 14 ,125 ;
16 99 999 99 99999
99 99 99999 99999
v'oe 06.OE 9,99

-99999999 9999999. 1144017646 -19—44
9999 999. 9ο 99 999
6440 Ju4 99 99999
9999 99. 99 99 999
9999 99999 99 999

9999999 99ῖ9999999-99999999 9999999. ο“,999ο9ο999 -999“““9.
9999 99999 99 99 999. 99 99999 .

, 999. 99 99999 9999 999. 99 99999 .
99999 99999 ¹ 6609 99999 99999 ,
99999 99999 9999 99999 99999

 

