Tabula VIII.
1791.

. 199918 Low 1903. D

199. 0 92188 ,
10 92965 ,
998 19999ῗέ ’

99999 924979 ζ

9 19 9,4791 ,
919911 95098 ,

11 95966

21 99499 ζ
91 99999 ,

Apr. 10 95840

9999999ζ

8096270

919110 99999 ζ
90 99999 ,

9ο 99999 ,

Iun„ 9 9,7294 ‚
19 97559 ,
29 9,7798 ,

991. 9 99999 ,

19 99991 ,
99 9'9419 ,

Aug. 8 98571

19 9'9709 ζ
99 99991 ‚

99999999) ⁴,
1⁷ 99009 ‚

09²3 99999

17 99961
27 99959

Nov. 9 99999 ζ

16 99591

99999999 ζ

999. 6,-,99865

161 0,0oo9
99199999
99169999

9,9179 ζ

997999 19995
199199 1,1877
1‚19999 1,1999

190942 0,9969
924889 08966
986829 05188
926909 928109
196199 066299

124159 084469
1,2⁰68· 1,00479
915569 musa
198859 148619
098249 1,239ln

088419 997519
058789 139699
99072· 1,8061·
0,8560 180889
0,7230 1,2882⁸

09115
1,0997
1‚1194
1,1909

197339

. 19519
18682

lag. τ

¹-oe

0299719 1,2790 ‚

8,7878
89184
90999

91999
99994
99999

⁸9‚9999

99905

9992
9'9779
929154
99999
99999

99199
99199
99999
99999
99999

mola ‚
1,2169⁸ ‚
1,1561· ‚
1,06832 ‚
099929 ,

omo· ‚
084599 ,

99999}

09020,

1,2099
99

99919 ,
1,1914 ‚

961669 1811766 ἶ

 

