Tabulae X. Soet. 1. 1’11 Hydrae.

1750J11n. o 91119911-2119199 19194111. 1 91111111- 2911
Apr. 10 19‚033 28,68 11110 96,560 9
111. 19 11911 1191 , 111. 19 11111 1
91199 19911 9191 91. 91 11191 1
111111 19911 9191 111111 ὃ11191 - 1

-——0-—-

Ἷιιι, ο. 91191991 -1111999 1111111. o 91119911 - 9111
11111 91911 1111 11119 19991 ε

111. 19 91911 1191 111. 19 19911
9191 91911 1111 9191 19119
91111 91999 1191 111111 19911

1119111 1 91191919 -1111111 111111. o 91119191 151]
Apr.10 24‚821 56,92 Apr. 10 52,784 1
111. 19 91919 1199 1111. 19 19999 1

9127 24,617 57,21 09127 52869 1
91166 24954 · 57,25 09166 52945 1

17581111. 0 91527,624-78612,84 1768941113 915ξξξὲἔ - 7882
pr. , 1

1111111. o 91111991 - 1119199 1111111, 1 91119911- 1111
· 111. 1ο 11911 9111 19111 19991 1
ἡ111119 11191. 9111 111. 19 19999 1
1

09127 80988 26,16 09127 59881
09166 29945 25,78 91166Ι 599170

1111111. 1 91119991 -1111991 1111111. o 911 9911 - 119
19110 82981 40,51 1111110 2,477
111. 19 19911 1999 111. 19 9911
9191 19911 1991 91111 1111
91111 19911 1111 111111 9991

1111111. 1 91111111-1111111 11111111. ο 911 1119 - 1191
19119 11111 1111 11111 1999 1
111. 19 11911 1991 111 19 1911 1
91191 11911 1991 9191 1111 1
09166 85,194 51,46 Dec„ 66 5940 Ε

17578111 0 91538,168 - 787 680 17671111. 0 916 8,867 - 7891
Apr. 10 · 88992 6,08 149110 8929 8
Jul. 19 88922 5,86 Jul. 19 8985 Ξ
09127 87957 464 09127 9,084 1

Dec.66 87,899 392 01166Ι 9976 8

17581111. 0 91540‚866 - 7871996 17681111. 1 91612911-7891
Apr.10 90‚81s 18,55 Apr.10 12‚049 ἐ
Jul. 19 40,767 17,85 Jul. 19 12078 Ε
09127 ἓξὲξ 17,17 09127 12100 Ε

’ ί

09166 16,52 09166 lans

1759921„ o 91111111- 1119191 ffoeffi 91111911 ἶ1“19“1
Δρτ. 10 98,631 8120 19110 15,066 1
111. 19 11111 1111 111191 11911 1
1

1

31:31 1181 99 31:11 12:321

 

