Tabulae X. 8001111 α Tauri.

3336333. 36335433 36543633 33331343. o 66436333 33“’5’5
Apr.1o 54333 3533 3333 35353 1
111. 19 54333 ,3433 333 19 33353
0333 53343 · 3335 33333 33353
333355 53353 3335 33355 33353

Mo
Apr. 10 §7319

111. 19 53333
03333 53333
Dec. 66 55333

33333ἶῇ

33 ,03
3533 Ι33355 34345

3355 36. 19 33433
3435 33333 33533
5333 33353 33334

434 3453 3 35 44333 3334343. 3 43443335 3 353
4335 3333ο 43333
4334 333, 19 43343
4333 03333 43335
4433 33333, 43353

3335333. o 434 3335 333 45334 3355333. 0 43445333 3355
5343 33333 45333
5333 333, 33 45353
5353 33333 45335
5433 33355Ι 45333

3335 333. 3ι 43433333 3 35 5 333 3333333. 33 43443343 3 355
{Apu 10 12,755 255 >Apu 10 49‚258 .
533, 333 33333 334 333. 33 43355
³001. 333 33333 335 ¹00127 43354
nea-66} 33333 333 . {Demos} 43353

3333333. ο 43433333 3 35 53343 ’33ᾶῇᾟῖ 43453535 3 35 5
Apulo> 35333 3333 33333 53555 ;
333. 333 35333 3333 333. 33 53533

¹001. 33Ι 35355 3333 33333 53333

Q! 33333 3535 Ι33355 53554

3333 an. ο 434 33533 3 35 53335 3333333. 3 43455333 3 35 6⁴
1pr.10 33333 3434 333. 33 53345 3
333. 33 33334 3433 333. 33 55335 1
00197 33334 3533 001. 33 55335 3

334355Ι 33333 3534 nec. 66 553331 3
{599911561‘4'2‘1'99589516 53434 'ss‘oo‘Jffi‘1'9'1s9ji9'5‘ss 3334
ι333. 10 33353 3433 13333. 33 53333 3
333. 33 33333 3535 33. 33 53334 4
105333 33333 3533 ,001 33 53333 4

103366, 233482 3634 ίΙ)33.66 58,882 1

 

