Tabulae X. 8661, V. 61 scorpii.

1666616. 6111161666 -1611696 1616 san. 1111966961 -161
161 691 611 611 66
66191 69969 1666 66191 61969
61666 69966 1691 61166 61161

“ 1661616. 61619 6916 -9691996 1611616. 6161916196 -961
1613 111 161 1613 191

061271 2,747 49,87 06627 41,048
176666 2,658 5038 176666 41,119

16691666. 11619 6966 -9696669 ’166111 6161911166 -961
Αρῐ. 10 6,266 59,09 1610 44825 ,ε
16119 6991 6966 J.19 11661 1
66191 6191 6661 61191 11996 .

666 61166 11966 1

1888796. 01619 9,747 -268 9,04 1848166. 0161946619 -ὔ41
411610 9695 9,66 Apr.1o Ι48650 4
. 10,80 Jul. 19 ι48672 ⁴

1099 06627 48682

11,71 176666 48688

1661 -9669666 1-61116Τ1161969619 Ἦ
· · 9696 16116 69919 1
’9166 111. 19 69996 ·

9996 66191 69996 .
9619 91166 69966 ,

16666116 6161916999 -9666191 1616 san. 6161966969 -961
166 616 66 66 ;

061. 27 17,027 88991 06127 55,777
176666 17,079 84,55 176666 55,704

———-—-—

1666166. 1161996991-9661991 1616111. 6161969991 -966
16116 96969 1699 16116 69916
61119 96911 1196 Jul. 19 69961
61191 66996 1666 61691 69969

1766661 21001 45,69 176666 59089 4!

161. 19 91616

06127 24909
176666 25010

1661Ἳ1619Ξῧ62ζ -9666196 1611116. 61696 9966 -966
pr. , p .

111610 211743
,1111 19 28‚849
06627 28957
176666 29668

1889916. 0161982694 -26414,55 18497611. 01620 9,250 -2651

161. 16 69966 1196 16116 9966
Ju1.19 69916 1196

06127 33991 1191
66166 66966 1191

 

