’1141444140 X. 8004. lv. α 0410440,

4440444, 0 4464469 ÷ 1414144 4440144444 4154444444 ÷ 444
10410 58,570 29,15 410.410,ξ55,ζ(1)ὲ
841444 44444 4444 614144 444041
444444 66’969 4444 190696⁸ 44000Ι

4444 441· 064499‚947 ÷ 44440,οσ 4444444. 0 94699949 ÷ 444
44 44414 ’10144 Ῑῗιιιῖ 138440
04444 44444 ,44 0444 44444 44
04444 44444 4644 -1044441 99’679

44441444, 4 44444444 ÷ ⁷2491‚74 4444444, 44444444 ÷ 444
111 44 64υέ 4416 4104 14 6211814
04444 44444 4444 04444 44044 44
04444 44044 4444 04444 69'094

18181444. 0 949 9949 -4- 7218486 1828144. 51686806 ÷ 722
A.10 2267 81,89 Aprl 86866 21
J 19 2198 85 4⁷ 10119 88116
00427 2436 4640 04427 36462

00066 2081 86,79 04066 88198

iiii 44, 0 444 4444 ÷ 79497,99 4444444 4 44444444 ÷ 444
444 44 94 44 4 44
04444 4444 40,04 04444 44444.
04444 4400 40'99 444444 99⁹9oe

18161444. 0516 8,161-1-72111,91 18265444. 0 61518017 -Ι- 721
444 444· ··· ,
6444 4’440 44344 84444 48844 Ξ
00066 8,111 1519 04066 12988 1

18161641 1 61511,681-1-72116,21 18261144. 0515163489 -1-7211
Apr. 440 11,698 ,17,08 Apr.1 16308 1
14119 11721 17,88 sut 19 16159 1
Oct. 27 11,769 18,61 00127 ’18107 1
00066 11,802 19, 86 Dec. 66 16,016 1

18171444. 03,*,94949032÷7249040 18271444. 094949,919÷741!
Apr. 10 15,080 91,14 Apr. 410 19317 1
Jul 19 15185 51,88 Jul 19 19,171 1
009 27 15,198 52,18 066 27 19, 095 1
Dec. 66 15267 58 ,09 Dec. 66 19, 010 1

444 44444 ÷ 72194,47 44441444. 4 4444444414Γ 4444
Api. 40 19 662 4444 Apr 40 69 196 τ
444. 44 44440 ,44ζ44 444, 44 44404

6⁵‚71 0697 44’004;
4440 04044 444044

18191044, 0 51622026 -1- 72157,25 18291444. 051555,187 -1-721

[4:40 44,’444 4444 4, 40 44 044
444. 44 44404 44 44 444. 44 44 996
··4 939 9³4 44 9344

 

