Tabulae X. Sect. V. 50557445.

1555111 1141154515 ,18511155 1545511111417515754-18475175
Apr. 10 22521 19,88 11511. 19 ἓξὲξ ἐμ
818 11111 818 {m 5554 558
ec.66 22‚264 21,71 055·Δ 543367 54:52

1881155. 0114025857 -1-1581 1,48 1841155. 01140⁵7‚411÷15278⁴‚60
p. ‚ 2,01. Apr. 10 57 ,472 mo

. ,80 2,56 141119 57 525 8864

, 8,08 05127 2332ss 8822

8,57 05566 ³2,oe

1882155 1114028172 -ι-158048,82 18421511. 01141 0,668 mmm
Apr. 10 28, 120 48,78 15513 0,697 1250
M ¹⁹ 145 54 55 ι,
Dec. 66 28,016 44,89 05566 0,746 11,72

155551115114551555 515554475 1545115ο 511415515415555155
514 55 55 55

00t.27 81,056 25511 05627 8,789 5188
25,54 05566 8,765 sm

1884155. 0114084125 -1-1580 5,41 184415511141 6,840 -1-15268128
. , 5,50 4155145515 8125

. , “ 5,58 11119 6,771 - sm
05427 84,188 5,50 05627 sm 81,ss
5512 05566 6,670 81,68

1555511 5114557,475,ι155545,57 1545615 5111415554 ,11545555
4ρι. 15 57555 4555 45115 5,554 1175
sul. 19 57575 4555 511. 15 5545 1454
55147 57551 4455 5557 5555 1554
555. 55 57555 4455 55155 5,475 1575

1555111 1114545555 ,415455455 1545541 5114115555 51555555
1ρι. 15 45555 5457 Apr. 10 14554 5457
Jul. 15 45554 5555 511. 15 14557
55. 57 45751 4555 Oct. 47 15555 5555
51555 45544 4555 54155 14 411

-ι--υ-

1887145. 0114048881-1-1529 8,15 18475511. 0114115808 mmm
111113 11ζὲ8 18 11113 11111

05127 44147 1,68 05127 15,016
Ι 05566 44,241 1,18 05566 14,917

1555111. 5114547575 4,,15454145 15451511. 1114115515415451555
451. 10 47 870 40,67Αρ.1·10 17 916
511. 15 47 454 111. 15 17 545 1755
5547 47555 5555 5557 17 745 1555
51555 47 551 5555 151555 17’554 1575

Ἷιι 5Γ4ο5οὲ515 1155141551 1545511. 5114155745 51554545
pam 50‚778 15ζ41 Apulo 55541

151 19 50868 17,81 11119 20557 59,68
50954 17 21 05127 20,479 25 0;27
51087 16 ,62 055 66 20405 0,88

051. 27
Dec. 66

 

