Tabula mu
lm

IAM 12⁰ssAE 1103ss 1103AE 11ομ Ε

wwwwww

ιι 1 90919 09009. 09101. 19999 46,oe
11 91991 09019. 09019. 19190 40,oe
21 02666 091211 097261 1,2126· 07878 -Ι-0,02
'⁸1 99091 09909. 10911, 1,1911 99191 40,oe

08862 098οὴ 1,16701 1,1098 00888 -Ι-0,02

01816 098821 120911 09969 01862 -1-0,02
01686 091111 021881 08266 02111 -1-002
Hm 091771 026821 06182 02818 -1-002
091781 026901 028191 08898 4-002
091161 126181 066291 08906 4002

098801 021161 081161 01862
092881 021681 110171 01776
091771 1,16661 1,1112106161 4
090671 008861 1,18611 06602
089881 098211 1‚2s9on 06821

088881 088121 1,27601 06128 -ιι
087621 068711 029691 06101
087011 090781 080611 06667 4
086921 08668 080881 06916 -1-
087161 07229 028821 07160

087691 09111 1,26011 07878
088111 00887 021691 07686
089291 1,1191 1,16611 07787
090181 1,1808 006881 07980
090881 02289 091881 08161

-ἒ &ff

ἔ

Ξ

Ξ

091801 02619 071701 08812
091181 02661 081601 08612
091811 02682 00906 08676
090781 02672 06688 08881
’089911 02821 09020 08986

099911 1,1919 10119 99191
099979 1,1999 1,1111 99909
099999 10199 19099 99111
091919 09999 19911 99919
09000. 09991 19990 99910

09999. 09919 19099 99909 1
09919, οόπο. 19099 99999
09990. 09199. 19991 00011

-Ξ

ἓ

10
20
⁸⁰
1⁰
20
w
9
19
29
9
19
Β

8
18
28
7
17
27
7
17

Ξ

883 {8330aess

 

