.w

0
1
2
3
1
5
6
7
8

9

10
11
12
13
11

15
16
17
18
19

20
21

1501151111. 10151.

&ductio observatiam 80115.

effi· 5111511101·Ρ Μ’. ⁸⁰⁰· ⁸ ”⁰3⁶ 5110

1151 4106
1109 4106
1125 4106
1111 4106

1555 4055
1571 4055

1550 4055·

1107 4106
1126 4106

1110 4100
1856 4105
1178 4105

1189 4105 --

1155 4055

1152 4106
1158 4105
111 13ῑο

1156 4106 =

15,01 4106
1117 4105
1152 4105
1117 4105
1161 4101

1176 4101
1190 4101
1103 4101
1116 4101
1150 4101

Majuu.
Radius

5’1’1’,75 46ζο5 051555 0551 1551157 5557155150 41155

1511 0570 1555155 5555 5555 4055
1707 0575 1557151 5515 5555 4055
1750 0555 1505155 5550 5550 4055

ο 1505 0557 1510150 5555 5557 4051

1555 0505 1511155 5551 5155 4051
1050 0505 155 5571 5155 4051
5055 ,0555 1 1515577 51514050
5055050515151555551 5150 4050
5150 0515 1517150 5550 5055 ,4050

Ι
5515 0515 1510155 5505 5177 4050
5575 05551551155 5500 5057 4055
1515505 5055 4055
5105 0555 155 155 5511 5055 4057
5151 0555 1555150 5515 1057 4057

5555 0515 1557 055 5550 1057 4055
5557 0517 1555 055 5555 1055 4055
5557 0555 1550055 5550 1050 4055
07 0555 15510515550 10514055
55 0550 1555 050 5555 1055 4031

5551 0551 1551050 5515 1555 4055
5555 0555 15550515515 1555 4055
5055 0575 1557 055 5515 15514055
5005 0575 1555 070 5555 1555 4055
5017 0550 1570 0,77 5555 1550 4051

5100 0551 1571051 5555 1555 4051
5155 0557 1575 055 5551 1757 4050
5505 0500 1575 050 5551 1755 4050
5551 0501 1575057 5557 17574050
5550050715750515550 1755 4055

80 1112 4101 8816 1100 1,077 0‚62 6272 1129 4127

81

1151 4101

5550 0505 1575050 5571 17554057

55 1555 4051 5155 0505 1575 055 5575 1755 4055

 

Vn. Pmll·
8150. uin

