7161111 v111.
1705.

leeg] 1103AE 1103AE¹ 110ss Ῑιομ Ε

*sumnonem-‘ww

111 6 919111. 61191 61611. 11111 -00 -6’61

10 058601 07878
20 026821 07711
80 019581 07517
Febr.9 011961 07801

19 00898· 07092

0807011 02790
09725 n 1‚2425

0081411 01877

015691 01098 ,
020981 09970 ,
1 08266

Ml 8‚9658· 06902 ‚man ,
οὔ8211 05181

11 166191 61111
11 111111. 61661
11 119111 61611

81010 088921 06661
20 0811161 06756
1ο 11111 06119

116116 16616 16919
20 08716 07047

16 11116 61116
sm 9 91111 61111
16 91111 61111
29 11111 61611

11. 9 91111 61111

19 91111 61111
29 01820 06509
1111 91191 61111
8 308 318

16111 11111 61119
11 11161 61119
11 91111 61111

oa 1 91111 61111
11 11691 61166

27 06888 05185
Nov. 6 07090 05485
16 91111 61116
26 07558 05710
Dec. 6 07797 05782

16 08041 05784
26 08277 05705
86 08498 05589

02690 11 02805 n
02619 u 05629 n

1,2415⁸ 0844611 ,
0206811 0111871 ,
01556· 011186 ,
0088511 018611 ,
0982411 02891· ,

0884111 0275111 ,
0587811 0296911 ,
0906811 0806111 ,
08562 0808811 ,
07281 0288211 ,

61111 116661 ,
11111 11161. ,
11191 11111. ,
11161 11611. ,
11119 61191. ,

02519 07116911 ,
02661 0845811 ‚
0 0906

02682 ,

11111 61611 ζ
11111 61666 ,

11119 11111 ,
11111 11111 ,

112099

ffl 11111 ,
61116 11116

08217 08087
0076511 08056 ,
06480· 02987

04862
07878

-611
-611
..611
...0’04

-0,04

,21 -0,04

-0,04
-0,05
-005

 

