0

0

17

Tabulae X. 'Secu 111. 77 Aquarii.

7797777. 55 7977179697 7777777 771757979 7777
77717 7799 777 77 77,”777 7

7 37711’1’7,888 5612--6119 80,οΩ 1

’77777 7759 ,97 77777 76777 7
146666¹ 7,777 Ι57 79777 -7

Apa· ' 8,098

, 66· 6777. 10 ’619 6
3771. »· 6002

97777 ² 7779 77, 77 5
07127 , 2903 87,68 0627 88,603 5
06677 2,811 87,90 09766 68,696 6

779717777979-Η77977· 7777777. 7775797757-7777
· Apulo ,5,881“’·Ι 21,10 67710 66,8627

7797777. 77795 7797, 7779777 77777... 7777777779- 7777

777 79 6777 , 7-’,777777 777 79 76977
7777 76777 7677 77777 ,97777

09766· 6,662 68 09666, 6,7105

17983777. laq-8659 11966618063777. 0215660,16 1161
wlff 8,565 Ι 6,12· Apu* &tq 1

19 8,616 6,77 3771 19 60828
071. 82667 7244 071 27 ’60 896
Dm 8,806 8,12 077. 66 60666

77977ι77··,-777577777 77977777776777. 775579,5-77 7757
77 76797 77,-75 77· 77 76597 7
7 79 77777 5717 777. 79 ,76757
777 77 795 577γ 777 77 ’76777

1
1
1

‘·= Dec 66 11186 58,50 07766 66,765

7795777 777 79 77779 77777 77 7776777 Ι77 5577777 775-
Apr. 10 16,182 , 66,80 Apr. 10 66,855 ¹
777 79Ι 14 797 77ζ77 777. 79 76977
77777, 77797 7677 77777 ,77,979
077. 66· 14' ,062 68, 65 Dec. 66 ”66 ,926

—nu—s———m-

7797777 71775577, 156¹- 7777777 797777· 7775557777- 775·
'an 77 77 777 77 77 777 77 57,777 ·
777. 79 77,777 77,77 JuJ. 79 57,779

ocJJA 77 ,777 76 ,79 777 77 57,777

Dec. 77 779 7677 Dec 66 49 977

1797'1611. 02166201-87 118 6,06 ’·.8073777 0215568,-078 116
Apr. 10 20198 6,·16 Apr. 10 68, ’055
Jul 19 20:207 6 79 Jul. 19 68’ ,028
07127 20’ ,260 7,09 07127 52’ ,988
Det 66 20,261 7,88 097. 66 52,985

1796377. 0215528886 1176011 1808377. 1215556086- 116
7.· 7 777 77 7. 777 ·

071. 27 28,666 60,52 Oct. 27 95 865
Dec. 66 28626 60,56 Dec 66 55 781

77997777775577579- 7777777 77797... 7775757-797 114
4pr.1o 26‚⁶⁵1 77, 77 461 1 57 ,7791
777. 79 77779 7679 777. 79 76777
77777 77797 9677 777 77 56779

07766 26871 62,96 Dec. 66 66652

 

