'rabulae X„ sect Ν. 5 Cam'e nm.

οἱ, 41. 55551555 4 8415155 55554555· 5 15151545 431'0
55 555 1941 55

5555 55555 5555 55555
55555 5555 55555 55555

1ι55554555 4 5455555 5555555. 5 5555554555 5455
5555 4,.555 55’555 5
Δ1155 5555 55555 5
5555 55555 55155 5
5555 55555 55555
4

1 72982629 4 64180,42 18241551 780 60844· 640

ἓδῙ 05127 6,090
88,61 05566 6,092

6855. 1 729856504 5412466 1826155 0 780 9240468116
,411ιίιῇ ἓξὲξ 26Ξ48 Αρτ. 510 9286 Ξ
l

5555 455 55 55555 5
555 55 55555 55, 55 555. 55 55545 5
55555 55 555 5555 55555 55555 1

555 5 55555555 4 545 5555 5555555. 5 55555555 4 5551.
Ῑ55555 55555 5555 55,--.55 123126

· .¹
5545 551 55 141174
5555 55555 55 555

, 14,20 05566 14,990

’.155 0 72946414 ÷ 641 6,86 1828855. 1 78016,166 ÷ 6891

15553 4ξὲἓὲιᾲ 555 45555 55555

05127 46,660
05566 46788

1555. 5 55545555 4 5455555 5555555. 0160109714699:
Apr 10 48,946 67,64 Apr. 10 20,871 ·
55 55 45555 :
01127 45555 5555 55555 55555 5
115555 45555 55’44 55555 55555 5

 

