Tabula v11L

1821.

1003AE Log.B ¹¹⁰8·⁰ 1103.ss laga E

Wfflwvwvwmn

09099· 0909211 19999
0911111 090671 19790
0921711 097281 13196
0980611 198181 19878

111 ο 09110
1ο 99707
20 99910
8⁰ 99778

111119 09111

19 99911
111111 mm
11 99111
11 99911
2 11 99111

1111. 10 99683
9 390
’913 39111

80 99058
lun. 9 9,7362
19 9‚7659
29 99989
111. 9 99197

19 99111
99 99111
⁸⁸* 19 191999
11 99111

sept„ 7 99111

17 99855.

27 99159
0111799569

17 99670

Nost} ' 99996
12 1803
na. 1 11111

16 09191

1111

0989811 195691

11111

0918111 190981 09971
0951411 1918811 09268
0958011 maza 09186
095811 1969011 mm
0955111 1961911 0962811

091911 191151 091171

0910711 190681
098011 195561
0918711 198351

19111. 191191

0997711 0988911
0990211 0986811
098581 9901111
0965011 09571
098761 oms

0993111 09117
0900611 19839

1901711
19118 11
198621
198911

19751 n
1,2969 ι
19061 11

191911 11191 ,
191111 11119 ,

0921511 ww

19191. 19119 ,

098189 19661
038oe- 19682

199111 19119 ζ

0917011 19891
090611 1,1920

19911. 11111 ζ

097981 19169
096691 09221
095611 09259

Quoe. Qu& ,ΜΝ

091511 0971511

ῙΜΜ

19111. 19111. 19911

·· ω
11119
19111
19111
99111

99352
99111
99818

111

99111
99111
99111
99111
99111

99111
11111
11111
99911
99111

99111
99111
99111
91911
99111

99812
99511
99111
19

99111
99111
99111
99111
&ww

4 091
4 0,01
4 o‚02 '
4 092
4 092

4 092
4 091
-1-092
-1-0,01
4 0,01

4⁰‚01
4⁰‚01
4 091

99808 ’,
a&

 

