’19149159 X. Soet. 11 4 Cani: 4444449494.

. 14745544 4 5474199 4459444. 4 14145549 4 5454
1291 1513 12:993 4
4595- 9544 45494 5
4459 94459 45544 9

4444444. o! 44449594 4 544 9544 4454 444. ο 44445995 4 5454
45449 49944 9599 45449 49549 9
444. 49 49995 9559 444. 49 49555 4
94944 49599 9594 944 44 49444 9

04966 18,747 3496 04466 49382

4444444 4 44444945 4 5444554 4Ι44. ο 44454454 4545
Ἀρι. 10 21,839 26,ἳὸ Apr. 10 52543 -

1
Jul. 19 21,749 26,ss JuL 19 52637 1
04527 21,655 25,oe 04427 maz 1
Dec. 66 21558 26,oe 04466 · 52828 1

4449444. 9 44444449 4 5444454 4499444. 9 44455945 4545
44449 44544 4455 ,444 49 . 55544
44449 44544 4459 444. 49 55595
94444 44444 4459 94444 55999
94455 44949 4554 Dec. 55 55544

17741944. 0 72727,523 ÷ 547 9458 17841944. 1 72759,Μο ÷ 5455
Apu 27923 9,86 Apr. 10 §9581 ξ
Jul. 19 27‚825 1025 Jul. 19 §9617
01127 27250 10,70 Oct. 27 59699
04966 27538 1122 04966 59,777

491 01127 330
5,01 04466 2561

4445444. 4 44499455 4 5455549 4495444. 9 449 5494 4 5454
μ. , 5595 44449 5949 4
5449 444 49 5555 · 4

5944 94444 5449 4

. , 5994 4444. 55 5444 4

’.- ————-—--—

4444 444. 9 44495599 4 5455945 4494 4444 0 445 9599 4 5454
44449 95554 5495 44449 9599 4
444. 19 95594 5455 444. 49 9544
94444 95549 5455 94444 9549
94455 95999 5955 944 55 9544

——--———-—————-—— ..- ———-———-—-—-—--—-

4449444. 9 44499554 4 5454459 4499444. 4 44944459 4 5454
454. 10 99545 4554 44449 44454 4
444. 49 99549 4959 444. 19 44595 4
94444 99554 4494 94944 44595 4
94455 99594Ι 4454 944. 55 44554 4
Ι

4449444, 0 44444549 4 5459959 44994444 ο 4454554914 545
1444. 49 44959 9944 45449 45454
444. 49 44995 4995 444. 49 45499

4994 94444 455441

4459 94455 45599ᾗ

 

