Tabula vul.
180⁷.

Ι1991 1999 1999 1999 1991. 9

WWWWWW

Ν
99991 19111 ssjffi: {ff {0}ss ssgssgg
9’0009 99919 99111. 19119 99919 9999
99911 99999 19919. 19919 99191 4999
. 99919 99991 19999. 19991 99999 9999

9,6848 0,2816 1,2098ι 0,9970 9,1862 40,06
9,7028 03661 1,2488 n 0,8267 9, 2144 4- 0,06
9,7180 , 12682 ι 0,5185 9, 2818 4- 0,05
9,7828 196900 99791199999 4-0,Οὸ
9,7462 199199 05629 ι 9 8905 4- 0,05

9,7605 , 194169 0,844719 9,4862 4-0,ῠὸ
9,7758 1,20689 1,004711 9,4776 4-0,Οὸ
99924 , 1,155619 1,111819 9,5154 4-0,05
9,8104 , 198851 1,186219 9,5502 4005
29991295 , 0982819 138919 9,5824 4-0,05

99199 , 999199 19191. 99119 9999
99999 , 99919. 199999 99191 9999
99999 , 99991. 199919 99991 9999
99991 , 99999 199999 99919 9999
99191 , 99199 199911 99199 ,1999

99191 , 99119 199999 99919 9999
99919 , 19999 191999 99999 1999
. 99199 , 1’1199 19999. 99191 1999
99911 , 1'1909 199919 99999 1999
99919 , 19199 991919 99191 1999

99991 , 19919 991991. 99911 9999
99999 , 19991 99199. 99911 9999
99191 , 19991 99999 99919. 9999
99111 , 19911 99999 99991 9999

19911 99919 99999 9999

19919 19111 99191
19919 19111 99119

; · 1991 {9332 3:320 ‚
0,7257 19999 99911 ,

99111 19991 99999
99199. 19999 99919
99119. 19991 99911

 

