Tabulae X Seot. II. 9 ,4794279799599

4779955. 9495593539 99949999 4799955 49957 9459 997594
95³1?ssss 99999) ¹³ 1
Oct.27 99559 4799 5597 9953 4
“1)99.66ῑ 33521 16,68 09566 3319 2

17711111. 0235636,600 4274936,71 1781599. 042857 5371 -9-27 524
Apr. 10 36565 3634 49910 5487 4
111. 19 86522 8592 Jul. 19 5,490 4
00127 36470 35,46 00127 5559 4
09566 36,410 3496 09966 5984 4

4779755. 1291699‚199÷991955,01 47391955. 0¹23 57 3979 Ἰ49759
Αρῐ. 10 39434 54,52 449990 8,757
99. 19 99999 5997 99. 49 9949
9597 99935 5399 9597 3997
95555 99994 5999 94555 9949

4779955, 99355 49993 99759999 4739959 999 57 4995799534
Apr. 10 mlo 1229 Apr. 10 12,150 1
911. 19 49‚119 4497 99, 19 49944 '1
001. 97 49994 4494 9997 49999 2
Dec. 66 41926 10,41 Dec, 66 12,436 “

4774 921. 999 55 45933 4997599999 47349ἶῇ 3574994ΐηῖ9
Apr. 10 44928 2990 Apr. 10 15,5w ε
911 19 44993 9999 111, 19 45955 2

Oet.27 44999 9393 9597 45759
Dec. 55 449974 9999 95555 45959

'Apuloy 47,630
Jul. 19 47,533

17761349, 1²285650,147÷2751 6‚17 1786 Jan. 0235722976
4419910 50359 5,78 Apr. 10 22‚351
Jul. 19 50277 538 Jul. 19 229119
00127 50900 498 00127 299181
Dec.66 §0130 4,68 199566 22536

4777 san. 9995559999 Ἰ97549499 4737
453491 59955 ,
111. 19 59993
9597 59949

“ 94555 59995

———

4773955, 99355559971997544393 4739 Γ5793994ᾏῇ55
Αρτ. 10 56050 ¹ 4882 Apr. 10 38824
99, 49 55999 4994 91119

001. 97 55999 28'334

93995
99997

4779955. 9335559954 Ἰ49759 394 4739955, 9935799993ζῆ
'Am-10 59959 999 45949 94937
99, 49 59954 499 111. 19 94954
93397 59977

095661 59099

Dec. 55 559941 95555

-,,,-. ..-. -,...-,.. -.. ·-1·-·-·

 

