’0414441449 X. Soet. 1. α Aurigae.

17501911. ο 15541454 41543055 4755444. -4 15951533 4491
444910 17087 4201 Apr. 10 58084
Jul. 19 17,461 4244 1441,- 19 58048
Oct. 27 17078 4104 09927 58074
09966 17072 4002 09966 58018

4754 444. ο 45534474 4454344544 4754 544. o! 459 9954 4454
454. 10 34454 4449 1pr.1o 3547
Jul. 19 34443 ,4457 444. 19 3454
0937 34459 4977 oct. 27 3473

099. 66 ⁴ 21‚761 4207 4099. 66 8050

——n-———— --—--—-————-———

17521544. 1 45826‚178÷454947‚64 1762115444. 01 459 7025 -1-454
Apr. 10 26028 4606 Apr. 10 7010
1441. 10 26057 4601 1441. 19 7002
Oct. 27 25080 4509 09927 7008
09966 25091 4400 09966 8012

4754445. 0 45934434 5445435359 4754454. 4 459 47549 “
449 454 45 44· 4 545
55437 39545 5447 55937 47543
09966 88011 5104 09966 717045

17551911. ο 455 33553 5445435549 4755 san. 9ῖ5ἶ33453

445910 38‚119 5601 Apr. 10 22086

¹³⁰¹· 19 37934 5594 Jul. 49 33555
W

09927 87048 5508 09927 ,22495
099661 87005 5508 09966 22017

4755444. 4 45543453 44543 979 4755444. 5 45935579
Apum 43545 949 4454910 37494
544. 49 44434 4,ο7 144119 27‚916
55937 44457 453 95937 37335
444955 44535 455 445955 37437

17571944. 0 45846076 44548 640 17671944. 0 45081007 -5-454
Αρτ. 10 45058 6,78 Apr. 10 81094
Jul. 19 45049 7,22 Jul. 19 81082
Oct. 27 45049 702 091. 27 82061

09966 45057 808 09966 salso

17581944. 0 45850088 -4-45481206 17681444. 1 45036511 -4-454
Apr.1o 50002 1806 Apr. 10 86073
Jul. 10 49028 1400 Jul. 19 86028
09927 49065 1408 Oct. 27 86062
09966 49018 1501 099. 66, 86089

4759 sm. 0 45454434 4445433933 4759444. 0 45944455 4454
45445 54437 3555 459491 44494
544. 49 54455 3445 544. 19 44445-
55937 54435 9354 55437 44495
09966 54029 2805 09966 41064

 

