Tabula IV. continuata.

lang. 1. 11 01111. . lang. 1. 11 01111.Ι

mmm

- ἕ91-ὁζ9151ἷ1911ἕ99 1111111. 191191 9199191919151
. 199 -1991 1599 191119119191911 {ff}
9119

9 1919191199911591 1915911. 191591 9191919191
1119 19191911 1599 1911191191 91911 9991
31 19 9 191 91919 1591 111. 19 91191 91995 9159
om 9 19191991 1599 1119191999 91911 9191
,11 9 191 91919 1199 111111 91191 91991 9191

η 19 5919191991911191 1111111. 1911919119991919191
1191 1911191159 91911 9159

, 111. 19 9 999 9ο91ο 9591

19. 011919 19191911 9591

11 9119191119 1991 191111919191911 9199 ,

1811 91098 9091121127 1295 1817191 0 9 7,04 90,130’ · 27 2598 ·
Apul ÷11‚67 90913 1298 19110 9 5,57 90910 2161 ·
11199127190977 1196 11119919690918 2127
01117 91395 90895 1099 Oct. 27 9 2,51 90958 2398
9996619111990986 8998 1091669 0,92 90,056 2397

ιιι 09112290969292710961818111. 191,1690,090232723,83 .
1919191191 91911 1991 19911- 99991911 9991
ιι 19 9159110951 1151 111. 19- 1,1ο-ο,1ο1 9191
ow 9119991911 1191 0191-191-1911 9199
1119119191911 . 9191 119111-199-1995 9191
1 111, 119119119191191919199 1119111. 1-199-191999919191
19119119191911 9199 19911-591-1911 9991
111. 9119191991 1191 111. 19-191-1919 9191
· 0119191591 91991 1191 0191-191-1991 9191
191111 91199 91911 1991 111911-991-9911 9199

0111991199 Εοὶἰρΐόσεε media, iu 1191 tabula adhibita.

1111 9991 1191 Q Q
1111 911191 1 - 1951
1119 91 151 - 1911
1111 91 191 - 1911
1191 915991 - 1991
1111 915191 - 9915
1111 91 1191 - 9119
1991 911591 , -1999
1111 911199 - 9951
1111 91 9159 - 1919
1151 911195

Ξοωωισιοιιε-οοιο

- 1570

 

