Tabulae X. 89911. α Coronae.

4799949. 941911999 4919141799 47991499 4419191979 991994
494. 49 7999 4999 19110 94994 4
99. 49 7997 4497 494. 49 94999 1
999. 97 7997 4499 99497 94979 1
Dec.66 7999 4994 99999 94999

47941994. 9499449994 497999999 4794 san. 9499499944
Apr. 10 9972 34 0,40 419910 33295
499 494. 49 99999
499 99997 94949
999 99999 94974

1

17521944. 115 24 12290 -4-273349,68 17621944. 015 2436587 4-2731

, Apr. 10 12234 5044 Αρτ. 10 36,655 .
1441. 19 12274 51,19 Jul. 19 36725

09127 12209 51,94 09127 36798 .

09966 12139 52,68 09966 36273 .

&fo m& {51‘11'1333' 4799 999. 9499499999 4ῖμΐ944
Apr. 10 14‚625 4048 1197. 10 39‚459 ⁶

494. 19 14‚550 4497 Jul. 19 89‚⁵86 ἒ
09127 149172 4183 09127 39214 1
09966 14292 42,47 09966 39,692 ⁶

—.-——-——-

17541944. 0152416254 -4-273329,58 17641944. 1152442201 -4-27 311
494. 10 ι 16272 30,19 Apr. 10 42279 1
1441. 19 16791 3024 Jul. 19 42355 1
09127 16710 3124 09127 42429 1

09966 16229 3169 09966Ι 41502

17551941 015 24 19‚190 -1-2733 11187 17651944. 015244540131-1-27305
19110 19,110 1928 49910 45‚084 ¹
Jul. 19 19.082 1962 Jul. 19 45,151
094. 27 48957 1990 09997 45244
Dec. 66 18285 20,11 > 09966Ι 45274

9799499. 4199494949 ᾙ9799 797 699 9919940999 497994
Apr. 10 21373 7,54 Apr. 10 47,846 1
494. 19 94999 799 Jul. 19 47997 4
001. 97 94949 799 9997 47949 4
99999 94994 799 99999 47999 4

4797499. 949 9499949 49799 9499 4797 san. 949 9499999 Ἰ997999
494. 49 99999 9499 1499, 49 999491 9
494. 19 99994 9499 494. 49 99999Ι 9
9997 99949 9499 9997 99994 9
09966 23,582 5115 Dec. 66 50607 3

47991999. 949 9499997 4979794499 M] 99499999 Mo}

Apr. 10 26201 4124 Apr. 1 63, 149 2
1441, 19 26082 4024 Jul. 19 53,152 2
09127 26071 4028 09127 53,148 2
09966 26267 3926 09966, 53,137 2

4799499. 949 94 999991ᾖέ799 479949Ῑ6499-499Ῑ977ἰῖ994
494. 49 99999 9999 494. 491 99994 ·1
111. 19 99949 9994 Jul. 19 99999

09127 28227 2591 09127 55208 1
09966 28650 2494 09966 55,571 1

 

