181818 17111.
1800.

1884 mn 18801881) 199¹ Β

mmmmmw

Ι. 0 938081
10 982061
20 888821
80 8,8111

11888884.

19784871
18183269

w 9,1875
*9 3811

80 9,4014
ι 9 9,4614
19 98157

29 98648
1. 9 98072

19 9,6447
29 98772
mg. 8 9‚70⁵1
18 9,7289
28 97494

188 88818
17 88888
27 9799

88 8 88888
. 17 9‚82⁷6

27 98485
'n 6 98606
16 98789

084051 0809711 1,899
884881 8888188888
086181 0878118426
087561 188141 1,1877
088961 1,15691 1,1098

3:99: 18818 1111 ·
0919. 88888. 88188
w: ffi- {5⁷⁶9} 883886ἓξ

082021 184151 084471 9,4862
081421 130681 180471 98776
080641 1,15561 1,11181 98154
089781 188851 1,18621 98502
088951 088281 138911 98824

088281 088401137511 98128
087861 088721 139691 9,6404
087781 980681 180611 98667
0885108568 180881
088671 o,7282 138821

089561 09116· 136001
888881 88888 13¹6ss-
081821 1,1195
082951 1,1809
088951 13289

3:329: 81ὲὲ
085401 13682
8881. 18818
8888. 81888

084091 1,1920
088221 1,1822
082811 18468 98414
081471 08228 13574

080841 0,7257 1388 ,

080521 08219 18087
080571 087591 18056 ,
081011 084791 13987 ,

9,7150

88818
88888
88888
88888
88888

88888
88888
88878
88888
88888

88884
88818
18099

1,1551 1
186881
084821

08469 1
084571
08907
08688
08019

18888
88888

-0,08
-0,08
-0,08
-0,08
..8,81

..8,88
..8,81

9’6915 ’ ζ

 

