Tabulae X. 8111. ll β Virginis,

1111111. 1111118111 18 91811 11118111. 1111911111 18 6:

111110 18344 8032 Apul 18328
Iul. 19 48304 8039 Jul. 19 18389
01127 48355 8032 01127 18355Ι
01166 Ι121699 8130 01166 18,528

1771911. 0118846344 ÷ 8 810,62 1781111. 0118916328 -ι- 2591
Apr.10 46388 1034 “ 1111110 16‚704 1
Jul. 19 46315 1131 1111. 19 16384

· 01127 46342 1132 01127 16368
01166 46362 1238 01166 16355

1111111 111111911111 15111 naman. 11119111111191
11 11111 1 111 ε
, 1111 1111 11111 3

1111 umes 20‚414

1774111. 0118855388 -Ι-8 21538 1784111. 1318926365 -1-258
55391 1632 · Αρῐ. 10 27352
16,65 1111. 19 27385
1737 01127 27314
1738 01166 27388

———- ——-——

17759111, 0118858372 -1-8 15730 17851111. 0118980388 -1- 258
Apr. 10 57386 5830 11110 80360
Jul. 19 57306 5837 Jul. 19 80,525
01127 57381 5931 01127 80384
01166 57362 5932 01166 80387 ,

1776 ,1111 11189 0309 18 18938 17861111. 01189883451-1- 258
Αρῐ. 10 0344 8937 111110 · 88398
Jul. 19 0387 4032 111Ι. 19 88388
01127 0387 4032 01127 88366
01166 0395 4038 01166 88391

ἶ1ἧ11. 11119 111311 120‚49 fflsan. ο1119111111151
1113 1111 ·
oum 1111
111116 1111

1778111. 01189 6365 -1-2571
Apr. 10 6‚860 p 1
Jul. 19 6‚868 , . , 2
oct.27 6,876 ‚ 1
01166 6397 , , 2

1779 111111 11111 ÷ s 14115 fflsan. 1111911191 ÷ 257
111110 10341 ,91037 111110 48358
11119 11111 1111 11119 11111
0111 11111 1111

omes 11161 1111

 

