79199919 vm
18⁰8·

Q

Ῑιομ 1203ss 1203.ss [affin Lnga ,Ε

ΜΜΜᾺΝΜὉΝΝ

99999 99999 99999. 99999 9699
99999- 99999 99999. 99999 , 9999
99999 99999 69999. 99999 9999
99999 99999 mm„ 99999 9999
99999 69999 999999 99999 , 9999

96418 omn n 09970 , -1- 0,06
96612 0,6646 ι 0,8ὔ7 4 0,06
9,6775 0,6680 0‚518⁵

90923 06656 ι

97067 06750

93215 06977

93875 03096 ‚m
93549 078οΙ8 , n
97788 ⁰,7509 ,
97989 0,7697 ,

9,8148 07856 ,
9,8861 0,7976 ,
98670 0,8054
98771 0,8087
98958 0,8079 ,

99276 07980 ,
99418 0,7871 ,
99584 07779 ,
99684 0,7700

99999 99999
x 99999 99999
99999 99999
99999 99999
99999 99999

99999 99999 ,
69999 69999 ,
99999 69999 ,
69999 69999

99999 99999 ,

1
1
1
1
7
7
1
1
l
1
7
0
0
0
7
0
9
9
9
9
9 99180 08088 ,
8
8
8
7
7
7
7
7
rt
6
6
6
6
6

oms ⁰,8728 ,8
6 1),oeoe ⁰,8761 ‚

6 00921 0,8756 ,

 

