Tabulae X 316113 β Virginin.

178⁰ 1780 Ἕωὲο mm Dochetl

63531173 - 336-363 -313177611331333171 3 mm
63631363 -133-131-3131771 33163161 316376
6363 1373 - 3,13-17,5 -3131773 33133111 356363
13311313 -333-153-3111773 33533653 336336
1313 1363 -331-133-3111771 33553365 315356
1775 33533153 135333
16131163 -1633- 33 -111 1776 33 13166 135363
1,7371111,7-11,16-6,3-1 61777 331761 111333
136311 73 -1331- 13 6 61773 3373331 651353
1316ξ133-1333- 13 6-11773 33113111 631333
1331163 -1333163 11 -1 1736 33113337 611363
¹ 1 1731 33173631 353 53333
1336- 33 -1337 13,611-1 1733 33363331 53 35356
13731.. 53 -1133 13,113-1 1733 33333133 5313373
1313- 63 -1133113 13 -3 1731 33333375 5353363
1311.. 3,1 -1133 15313-31735 33333636 5333331
1357.. 33 -1631 153 13 -3 1736 33 333367 5311116
1737 33363113 57 53363
1365 - 3,1 - 331 1 33 13 -3 1733 33 333353 5731336
1376- 33 -333163 13 -3 1733 33133666 5711311
1376- 33 - 33316313-31736 33153363 5651333
ἐξὲξ-ἓξὲ-ΜΉ· 537 ἦΒ-ἷ

1312οΓ 733 ”“ 3 3
1,653,-6,1- ,
⁰³⁹⁹ ’ “ ζ ἓζζξεομωζ ss}

1‚738¹÷24‚4 -1133

33631373 -1331-1311313
33331363 -1517-363 -313
33631333 -1735 -313 -313

33331333 -13,16 -313 -313

33731333 -3135 -313 -313
33331313 -3335 -363 ..313

1

nem. lun. 13 Febr, annorum bin-extorum legitur dies insequens

 

