Τ8148188Χ. sect. V. β Tauri.

19301111. 8 84884884 48887 888 4848 448. 4 34847888 48388
484. 48 88848 888 Apr. 10 44884
44. 48 88788 888 444. 48 44887
84487 88848 888 001„ 87 44888
88888 88888 884 84888- 44888

1

4884844. 8184888888 488874888 1911111. ο 84848888 48888
418810 36222 1288 Apr. 10 15946

2 111. 19 88888 4888 1111 48888

001. 87 88888 4888 884. 87 48788

88888 88844 4888 884. 88 48874

48881488 4 84888788 4888874787 48481484. 8 84848888148888
484. 48 88874 4888 484. 48 48888
111. 19 88884 4884 111. 19 48884 4
88487 88888 4888 001. 87 48884
nec. 88 88888 4888 Dec. 88 48888

4888448. ο 84848888 488878888 48484488. o} 84888884 48888
Apr. 10 wass 2498 Apr. 10 23‚581
444. 19 48884 8488 111. 19 88847
88487 48874 8884 844. 87 88888

08866 43158 2691 084466 23847

4884448. 8 84848848 4888878888 4844844. 4 84887888 48888
484. 48 48888 8888 48. 48 87884
, 48844 8444 111. 19 87888

· 88487 48888 8888 001. 87 87888
84888 48878 8884 88888 87884

4888 444. 8, 848888841488878888 848488. 85 84884888 Ἰ48888

Αρῐ. 10Ι 3721 Apr. 10 30,974

3800 Jul. 19 30913
Oct. 27 50873 38,76 Oct. 27 , 30843
· 39,50 ¹Dec. 66 30,763

4888484. 4 84884888 488874888 48481444, 8 84884878 M
p . 84784 4888 484. 48 84884
111. 19 84888 4487 11119 84888
,0 84848 4488 84887 84884
Dec. 88 88888 4848 ,888 88 84888

¹ 1957¹1111 ο 84888887 488874888 48471488. 8] 84888888Μῶ
48418 88848 4887 484. 48 87848 4
111. 19 88848 4888 111. 19 87884 4
301. {g - 88848 8888 88487 878881 4
“ 00.

88888 8888 88888 878881

48881448, 8 848 8888 48887 8488 ῶ4ἑ8ῗ4188448881ᾗ8884

Apr. 10 3012 5458 Apr. 10 418876 ¹ 1
Jul. 19 sm 5483 Jul. 19 41,157 1
0012? 3335 55‚01 00127 41,039 1
Dec. 66 3348 55,ίῖ Dec. 66 40321 1

4888444. 8 848 78874488878884 4884ᾞῙ8 84844748488884
484. 48 7844 8887 484. 101 44888 4
8878 444. 48 44884

8888 011. 871 44444 1
8888 888884 44844 4

 

