Tabula VIII.

1111.

laga! 11⁰3AE 1103ss lugd) Lnga Ε

ὉΝΜὉΝΜΜΜ

8111. 0 0400911 0692911 0609711 02999 -οο -004
10 0811811 0707411 0807011 02790
20 0268611 0726811 0972611 02426
80 0167111 0746211 0081411 01877
tebni) 0071811 0766411 0166911 01098

19 0968411 0784711 020981 09970
Mum 0887011 0799711 0248811 08266
11 0676011 0810411 1268211

21 0488111

08165 n 0209011

11 111111 111111 111111.

111. 10 11111
1ο 11111
1ο 11111

mi. 10 11111
1ο 11111

80 02074
Jun. 9 02967
19 08780
29 04882
Jul. 9 04940

- 19 06416
29 9‚5817
Aug. 8 0ἓὲ
18 831111

11111 11111
11 11111
27 11111

oet 1 11111
11 11111

27 07777
Nov. 6 07972
16 08180
26 08899
nec„ 6 08622

16 08846
26 09062
86 09266

0816211 0241611
0809111 0206811
0810611 0166611
07911· 0088611
0782111 0982811

0776211 0884011
0771611 0687211
0772111 0906411
0777211 08568
0786611 07282

0799611 09116
0814611 00888
088011 01196
084671 01111
0869211 02289

0869911 02619
0877211 02664
0880611 02682
0880211 02672
0876211 02824

0869811 01990
0860611 01822
0861211 00468
0842911 09228
0886911 07266

06184
0280711
06629 11

08447 11
0004711
0111811
0186211

02891 11

0276111
0296911
08081 11
080881
0288211

0260111
02168 n
01661 n
0068811
0948211

07469 n
08468 11
00907
06688
09019

mm
11111
18099
111111
ww

0‚8847n 11111 1111111

111111 omo„
111111 111111.

1οῗ

, 04862

07878
09184
00888

01862
02144
02818
08898
08906

04862
04776
06164
06602

06128
06404
06916
07160

11111
11111
11111
11111
11111

08842

08612 ·

08676
08884
08986

09184
09276
09414
09647
89677

09808
919925
011114

-ο,ο1
-ο,ο1

11111 , ζ

 

