Tabula vul.
1772.

ἑ - 1591 1199 1599 1599 1511 9

Ι wewam-vesanos&

111 1 99979 99991 ,1691
= ·’ 11 99191 99971 ,1991
. 91 99959 99919 99797, 19195 , 9991
91 99999 99999 19915. 19977 , 1991
m. 19 95999 ,99719 115791 19999 , 1991

99 9,5917 99951 19991199999 , 9991,
mu 9’5548 99591 191991 99991 1991
11 95715 99559 19599 99191 9999
91 , 99597 19999199999199999 ÷o‚09·
91 , 99919 19919 959991 99995 ,1999

09711) 1941511 094469 99862 4-0,08
09812 1906811 1904611 99776 4-0,Οὸ
09988 1955611 1,111211 99154 4-0,08
09066 1988611 1986111 99502 4-0,08
09185 0,9825111,289011 99824 4092

09285 0984811 1275011 9, 6128 4- 098
09858 0987711 1996911 , 4098
09401 99090 11 19961 11 , 4- 0,08
09412 09554 1, 8088 11 , 4- 0,08
09892 09228 1988211 , 4-0,08

99915 99119 199911 , 1999
99979 19999 191991 , -19ὀ9
99199 19191 115595 , 1999
99119 19999 199911 , 1999
99999 19999 991911 , 1999

99999 19519 991711 , 1999
99999 19991 991911 , 1999
99971 19999 99999 , 1999
99991 19579 99999 , 1999
99191 19991 99999 , 1999

99991 19919 19119 , 1999
0'9919 11999 19111 1999
99199 19197 19999 , 1991
99595 99991 19571 1999
99911 97959 19999 , ,1999

· 99 99591 99579 99779. 19959 , 1902
95 99199 99991 9919111999 90,ῡῖ

 

