555955 v111.
5555.

9555 5555 m 1103AE 5555 5

95995 99555 95595 55999 -ω ’
95559 999555 59599 95555
95555 995555 55555 95555
95555 555555 5ζ5555 59555
95595 55559. 55995 95555

99599 55995. 99955 95555 .
95955 55555 95555 99555
95595 595555 95555 95555 ·
99555 , 55599 95555 98898
99555 55555. 95559. 99995

96000 , 1,241655 9844655 94862
96247 920685 900465 94776
96612 9166655 9111255 96164
. 96796 9088655 918615 96602
96098 098265 928905 96824

96898 ‚ 9884255 imo· 96128
, 96701 , 96876 55 9296955 96404
96994 , 9908955 9806155 96667
97270 93664 9808855 96916
97626 · 97228 1288255 97160

59 95555 99555 55595. 95555
95955 55555 595595 95555

9 5 55 ⁹ 55 959 555
55 95595 59559 995555 99555

&pm 98614 , 13519 9747155 98842
17 98610 , 1,2664 0846155 98612
27 98700 1,2682 90908 98676

oct. 7 98790 , 12672 96688 98884
17 98886 , 92824 09020 98986

95 99995 , 55959 55555 99555
Nm 99559 , 55555 55555 99555
55 99555 , 55555 55999 99555
55 99555 , 99555 55555 99555
5555 99555 , 95555 59559 99555

16 99698 , 09209 19088 98808
26 99847 , 907785 18066 99925
86 99998 , offl- 92987 90044

 

