Tabulae X. Soet. V. β 79791990.

1690166 9949999999 99999999 9999999. 9141999999 94999399
Apr. 10 50,114 2066 1991929069 ⁵476
111. 19 9οό99 9999 99. 99 99999 9999
99. 97 99999 9999 061 97 99999 9999
99999. 99 999 9999 99999 99999 9999

9999999. 9999999999 9999 999 9999999 9994999999 99999999
1913 19919 191 1911 9119 6:⁵6
9997 99797 999 9997 993999 9999
99999 99799 999 99999 99999 9999

9999999. 9999999999 99999997 9999999. 9999999799 99999999
99999 99799 9999 999. 99 99799 9979
99. 99 99799 9999 999. 99 99999 9999
99997 99997 9999 99997 99999 9997
99999 99999 9999 99999 · 99979 - 999

9999999. 9999999799 99999999 9999999. 9994999999 99999979
99 99 999
9999 9997 99999
2564 099966 31995·

, 9242 5,32 1244199 1114235124 92382907
5‚4o 199. 910 35106 2911
5’42 191. 19 5⁵,060 2920
5,39 09927 39046 2335
999 99999 99 999 9999

-ι--.

99991999. 99999 9999 Ἶ99999999 999999Ῑ9999999999 9939 999
9993 2³83} 3⁹⁹} 6⁹²6 393ἓὲ ⁹⁹⁴²
ο’99 9ζ997 99ζέ9 ο’99 97ζ979 131ss
Dec.66 6170 4434 Dec.66 87,906 10,45-

, 99999999 9999999. 9999999999 99979999
, 9979 999. 99 99999 9999
, 9997 99. 19 99999 9999
, 9997 9997 99999 9999
, 9999 999 99 99799 9999

9997999. 9994999999 9999 999 1997999 9999999999 99979997
ρ. 999 199 99 49799 9999

9’49 111. 19 99799 9999

. ο’99 0997 46’606 9991

0,36 Dec. 66 43, ’507 3334

, 99999999 1848J6n 1114246,664 ÷2671996
, 9999 19999 99997 9999
9999 999. 99 99979 9999
99 99 9997 99979 9999

87' ,92 Dec 66 46, 282 1564

1539119 011111151199999799 1649116 9999999997 ,99999931
. 9799 19999 49'646 9999

9999 99 99 99997 66’66

19 99 99997 49‘ ,979 97 99

9999 90666 99999 9979

 

