Τ5155155Χ. 855111. α 055515 majoris.

555555551551555 -5’55’5 s 55 5555555, 5 25556555 -58555
55555 5555 5’55 55555 55555 Ι5
555 55 555 555 5
55555 5555 555 55555 55555 5

1771155. 0 635 4,027 -1626 8,06 1781155. 0 63529117 -16253
Apr. 10 3,978 8,66 515110 29181· 3
15119 3,923 9520 sul 19 29,248
051. 27 3,862 9,68 051 27 29 ,319

55555 5555 55 55 55555 55555 5

5555555. 5555 5555 -55555555 5555555. 555555555-55555
555. 55 5’,5 55 5555 Ap 5. 5ο 55 555 5

- 55555 5555 55 55 555. 55 55555
55555 5555 55 55 55555 55 555 5
55555 5555 5555 555 55 55555 5

5555555. o 555 5555 -55555555 5555555 5 55555555

App. 10 5,555 5555 555. 55 55555
555 55 5555 5555 555. 55 55555
55555 5555 5555 55555 55 555
55555 5555 5555 55555 55555

5555555. 5 55555555 -55555555 5555555. 5 55555555
Ap 5. 55 55 ’555 5555 Ap. 555 55555
5545. 55 11'004 5555 555. 55 55555
555. 55 55 555 5555 55555 55555
55555 55 555 5555 55555 55555

5555555. o 55555555 ..55555555 5555 555, o 55555555
55555 55555 5555 Apr.10 55555
mm mm m1 mm ww
55555 55555 5555 55555 55555
05566 13232 24,90 Dec. 66 41,οἃ

1777355. 0 63518350 -162531,13 17871555. 0 63546431
p . ‚ 30‚84 Apr. 10 48463

Jul. 19 18284 2953 Jul. 19 46,467
05127 18262 28,71 05127 46,473
Dec. 66 18, 248 27, 88 Dea 66 46, 472

33ζο7 ’ ρ’. - ,
3234 “ . 1,
ἓὲίξξ 05127 61681

 

