Tabulae X. 859111. α Arietis.

1119115. ο 15116915 1191151191 1199155 11 5111911 1191
15515 15955 5599 15515 11951
111. 19 15915 5599 151. 19 ,
95511 15991 5159 95111 11959
95555 15919 5595 95555 11911

“ 17719911. 0154199014-22221568 17819911. 0154552474-221
Αρτ. 10 19658 10,98 Apr.10 55816
191. 19 19,597 10,82 Jul. 19 51090
09127 15588 904 09927 55471
09966 19,461 8,95 09966 51,557

1772199. 1154212082 422222565 17821911. 1545407514-221
Apr. 10 22755 2597 Α91.10 54065
Jul. 19 22671 2529 Jul. 19 55058
09927 22582 24,68 09927 55154

· 09966 22487 2598 09966 55258

1111155911 1191055. 1 , ““1
56,46 Apr. 10 2889
5599 111. 19 1999
5599 95111 1595
5591 95555 1919

17761919 1154815788 -9-22282990 17861911. 0155 5655 :
Apr. 10 84697
991. 19 84,617
091127 85544 2582 ’ 09927 9048
09966 85476 29 41 099. 66 9,897

1111155. 915151911 111151995 11514955. ο 1 5515919 1111
' . 61643 55646 11ζ11 16119 15991
95111 91951 1191 95111 15991
955. 55 91551 1191 95555 15915

1119155. 515111915 ,11111595 1155195115515595 1
15519 19951
151. 19 19951 .
95111 19959 6'29 95111 15991
95555 19955 679 Dec. 55 15 511

177916111. 015444,299 422242405 1789999. 0115520029 ÷222
2557 Apr. 10 20002
2518 Jul. 19 19066
2571 09127 19921
Dec. 66 44,879 2582 09966 19068

 

