Tabula vm

ζ 999999 999999 99999 ,
098449 0972299 19427 ,
99999 finam 111879
096869 196689119095 ,

096259 190999 09972 ,
999999 99999 99999
997999 99999 99199 ,99
0,974691,2690999,27629 ‚
0,972591,26199 096289

99999 99999 om„ ‚
096999 lma 1904899 ,
0960699 196669 1911499 ,
094059 mm· 1‚1862· ,
099079 098229 1989199

0922299 09887 9 1975199 ,
0916099 0986599 1997099 ,
0912799 9912799 1906199 ,
0912899 09577
091609 09288

0922099 09119

0929999 19940 “

098869 19196 ,
094719 1‚1810 ‚ 99

999999 99999

99999. 99999 , 9
3:333: 999 “
99999. 99999 ζ

095189 19325

, 999999 99999
«osma 1‚1³2⁸ ‚
091949 19469 ,
993 99

39ῗῖ9 &a 99909499 ’⁹⁸⁰⁸
99999. 99999. 99999

 

