Tabulae X. 8555 V. 5 Lyrae.

1880'Jan. 5111511895151515155 1515111. 111515195115155

Apulo 10897 5011 1511151515
Jul. 19 10885 55581 151. 19 80566
oct. 87 10774 5044 05087 80680

5099 05566 80678

1881155. 0188110764 588875014 18411550188180685-1-88881
45110 18,706 57,65 851510 88785 “
11119 10651 57,11 11119 80781

5051 05587 80884 2
5085 , 05566 80868 1

, 155575991ἿῙ5... 5155155979 155551
, 5559 11515 55915
5757 111. 19 55915

5091 05187 80978
5018 05566 80998

1155575995 1511111. 1155115951
5555 111115 15977
5797 111. 19 15557
5595 51157 15555
5595 51555

1885 155. 0188180464 -1-88 37 5046 1845
Apr. 10 80478 58,71 15510 40044 8
Jul. 19 80496 57,99 Jul. 19 40014 8
05587 80580 57,81 05587 40879 8
Dec. 66 80549 5068 'Dea 66 40989 1 8

,,,-,-, -.--—-·——— ...ω- Μ--ῇ ————-

1836Jnn. 1199155555 1555759919 1515111. 5155115955155551
Apr. 10 88601 5089 1157. 10 40940 4
111. 19 55557 5595 Jul. 19 43‚898 1
51157 55575 5595 5557 15515 1
055. 66 88788 57‚83 Dec. 66 43,787 4

1557 438 55 597 1517 san. 9155115955 155551
5,59 15515ι 15955 1

597 , 15118 15951 1

. 008 05587 40660 4
111155 51915 57 5995 51555 15997 1

1555 san. 51551 5595511155 55 595 15151161 1155117519ῖ555551

1455. 10 27‚012 8,77 115510 40586 5
. , 8,71 Jul. 19 40528 5

1 878 Oct. 87 40459 5

, 880 055. 66 47,895 51

1559 san. 5155159955 15555 575 1519511. 5155119115 1555551
595 191. 10 19955 9
515 511. 19 19555 5
595 55157 19955 51
551 51555 19959 5;

 

