,Tabula vlu.
1818.

lag] Log.B 12⁰3AE 1003AE Lnga Ε

wmwwww

Ju 0 9,,81881 0,76981 0,50991 19999
10 996891 0,77161 0,80681 1,9790 ,
90 9,17601 0,78991 0,979811,9196 8,
80 1106961 0,807111,08181 1,1878 ,,
rem 881151 0,89191 1,15691 1,1081 ,

19 8,79111 0,88981 190981 0,9971 ,·
Uin-l 858811 0,85951 19188108968 ,9
11 8,995110,86161 196891 0,5186
91 7,5798 0,86651 196901997771 ,88

0,86711 196191 0,56981

0,86151 1911511181171 ,
0,85861 190681 190472 ‚
085051 115561 1,11181

0,81161 808851 1,18691 ,
0,88811 0,98981 1,98911 ,

,98 0,89611 0,88891 197511 ,
0,899610,58691,
0,89961980171 ,
089166 0,8570 ,
,0,88151 0,7981

0,81551 0,9117 ,9
0,85861 1,0889 ,9
0,87911 1,1195
0,88591 1,1809
0,89771 19910

omna l‚2519
0‚9188⁸ 19661
091601 19689 ,
0,91511 19579
0,91091 19891

0,90111 1,1990 1,
0,89551 1,1898
0,88651 1,0169
0,87891 09991
0,87981 0,7959

0,86971 0,8995
0,871910,07171,
0,87681 0·,61761 19988 ,

 

