Tabulae X 8556 L β Orionis. 2

1150111. 5 8 111559 -

15115 51511
Jul. 19 88926
05627 88921
05566 88908

65115195 1155111 11151555
8890 15610 69978
5155 15119 51591
5155 55111 59911

4090 05566 69968

-ἕε

17611111. 0 5 286989 -8808698 17611511. 0 6 8 2921 - 81

1⁹1¹}ss 88641
65111 55ζ511
115155 55159

p.
⁸ 9
“ 1
1768111 0 6 241982 -
Apr. 10 41962
- Jul. 19 41‚187
05627 41908
05666 41924

---—-..-.

1764 ,15110
11111. 10
Jul. 19
05627 48966
Dec. 66 48974

17661511. 0 6 246980
15115 15959
Jul. 19 46999
05627 46,210
05566 46928

17661511 1 6 249928
1111110 48942
Jul. 19 48961
05627 48,788
05666 48910

6 248928
48948
49966

8690 Apr.10 2962
8692 Jul. 19 2909
8792 . 05627 2968
8892 05566 8928

8808891 17621511. 0 5 8 6978
8499 151110 6942
8494 Jul. 19 6910
8695 05627 6982
8698 05666 6969

8808197 17681511 0 6 8 9909
8172 11111110 9988
8291 Jul. 19 9970
8296 05627 9964
8898 05666 9989

8802894

5551155 1715111. 5 5 515915
1115 15115 15951
1151 15. 19 15511
1151 55111 11519
1111 55555, 11599

5551155 1155155. 5 5 511555
1115 1p1.1o 11511
1151 Jul. 19 11595
1951 55111 15955
1591 11155 15915

1151111 5 5 151515 Ι- 5551111 1151111. 5 5 511511

1111610 61940
151. 19 61477
05127 61420
05666 61969

1155115. 5 5 151151 -
15115 51115
111. 19 51111

, 55111 51111
05666 64926

1159111. 5 5151551
1551· 55995

- 111. 19 55951
5111 55955
111155 55955

1898 Apr. 10 21,727
1898 Jul. 19 , 21976
1292 05627 21916
1296 05566 21961

555151 1155111. 1 5 511115
1591 191. 10 11115
511 111. 19 11151
555 5511 11151
155 51555 11151

595115 1159111. 5 5 511551
195115 151. 15 11555
5159 111 19 11555
5155 5511 11559
5151 5155 11515

-81

-81

115115.. 1 5 511155 - 51
1155 15115 11915
1151 15. 19 11559
1155 55111 11115
1155 55155 11555

-81

-81

-81

-81

-82

 

