Tabulae X„ Soet. 1. α 0118111111. 1

1711111. 9111111111 1141111111 1711111 1111111111 41⁰2«
11119 91‚557 · 4111 11119 17171
111. 19 , 11111 1111 11111 17191
01117 11117 1117 01117 17117
01166 21845 4490 01166 47852

17511111. 0172824824 -1-124541,02 17611111 0172850815 -1-121
111110 24 ,807 4185 4111110 50854
JuA 19 24982 42,66 1111· 50,400
011. 27 24249 48, 46 01127 50, 451
01166 24809 4425 011166 50809

17521111. 1172826998-1-12454089 17621111. 0172858264 4121
Apr. 10 26, 958 4185 Apr. 10 58, 825
Ju1.19 26901 42,θὸ Jul. 19 58891
01127 26, 844 4297 01127 58, 461
Dec. 66 26980 48 42 01166 58 5861

17111111.117111177111111111 1711111. 111711111111111
Apr.10 11111 1111 11111 11111
111. 19 11117 1191 111. 11 11111
01117 19111 1111 01117 11111

01166 29880 4191 01166 56808

17541111. 0172882982 -1-12458889 17641111. 1172859851 -1-121
111110 81999 88,78 111110 59884
Jul. 19 81915 89,09 Jul. 19 59817
Oct 27 81829 8988 01127 59800
01166 81, 741 89, 50 01166 59, 682

1711111.11711111111111111117111111111111111 1
Λρτ. 10 84 457 86, 18 Apr. 10 2,511
1111 111. 11 1119
01117 11111 1117 01117 1111
111111 111111 1111 11111 1711

. 17561111. 1172887904 -1-124582,72 17668111. 01724 5,490 -1-121
Apr. 10 86921 82,55 1111110 5861
Jul. 19 86848 8280 Jul. 19 5,627
01127 86868 8198 01127 5,688
01166 86998 81,58 01166 5,745

17571111. 0172889896 -1-12452884 17671111, 01724 8902 1-121
118110 89 428 2790 Apr. 10 8,555
Jul. 19 89867 27,40 Jul. 19 8,601
01127 89, 812 2685 01127 8,641
011661 89, 264 2688 01166 8,674

1711111. 1171111111111111117 1711111. 11711111111111
11111 11,ο1ο 1111 Apr. 1ο 11,967
Jul. 19 11971 1171 Jul. 19 11111
01117 41911 21,oe 01117 11111

09166 41928 2098 01166 11507

17591111. ,1617233'694 4124517‚12 17691111 0172414981 ⁴
111'19 44679 15,54 161. 19 14974

01127 44679 14 ,78 01127 14959
Dec. 66 44986

 

