Tabulae X. 8661. lv. β Aquilae.

1616166 6111556116 ÷ 8566179 1666111. 1111616169 ÷ 1151
6116 56651- 11666 661 6666
61111 11616 6115 6697 66161
6666 56777 6619 66. 66191

16111111 61916 6759 ÷ 5561676 1621116. 1911136112 -ι- 557.
1111 188 69 11· 8 11111 ψ
06627 6162 1661 06697 36663
116666 1996 1610 116666 96711

1812166. 11946 4973 4 6564993 1822166. 0194634966 4 558
46610 4986 49,19 461. 10 34,741
Jul. 19 4903 4890 Jul. 19 34912
06627 , 4124 4796 06627 34976
06666 4049 4797 06666 34937 .

1813866. 01946 7924 4 6565597 1823166. 0194637967 4 658
46610 6962 5596 4661· 37924
Jul. 19 6989 5492 Jul. 19 37974
06127 6931 53,76 06627 38915

06666 6779 5298 06666 38950

1611116. 61916 6716 ÷ 557 676 1611116. 1191616969 ÷ 556
6616 6766 691 161. 16, 11619
sul. 19 9‚661 611 Jul. 19 16611
66197 6661 56 5666 6697 16655
6666 6666 5651 66666 16661

——--.

1815 Jun. 0194612965-1-557 797 18251611. 0194644910 4 5584
46610 12,548 6,50 46610 44910 .
Jul. 19 12939 5,74 Jul. 19 44902 2
oct.27 12989 691 06127 43985 .
06666 12947 490 06666 43960 .

1616 san. 1191616191 ÷ 5571661 1696161. 6191616919 Ί1556Ι
46610 15,508 1293Ι 46610 46989 ⁴
11119 16519 1669 Jul. 19' 16651 1
66617 16559 1116 6617 16665 1
61666 16597 1656 6666 16751 1

1617 san. 6191616561Γ 5571671 ’161761 191616796 Ξῖοῖε
¹³ ἓ

Ι

1676 161. 16 16669
1696 Jul. 19 16597
1767 6697 16597
1651 61166 16151

18181611. 0194621968 -Ι- 5672612 18281611. 1194652927 -1-559
2594 46610 52948
2592 16119 52965
2598 06627 52178,
2590 06666 52988

1819166. 0194624980 4 5573390 1829166. 0194655969 4 559
4661 24961 3397 461. 10 64977
Jul. 19 26945 3391 Jul. 19 64985
06627 26931 3492 . 06627 56793
06666 25919 3490 06666 64900

 

