Tabulae X. 8333 III. α Canio majorim

433333 ο 46331333 -63633133 4333343 obesam -1⁰62'7
Apr.10 54,182 8174 113341 19,511 264
33 333 33 333 3 33 ;
Ι33333 33333 3333 34333 19 736 ε

1791343 3 333 33333 -43333333 4313333333 -4333
Apr. 10 56,522 87,48 413310 22482,
13119 33444 3733 111119 33343

03627 56868 87,78 03327 22592
03366 56260 87,76 Dec-66 22678

1⁷92 333 1 333 33333 -43334334 4333443 o 33333333 -1627
Apr.10 58‚867 42,oe , 43443 mn
Jul. 19 33333 4333 Ju1.19 25‚450 A
0333 33393 4434 4 octav 33333

33433 33343 4433 33333 33333

masan„ 0 686 1,287-162646,06 messan. 0 68628221
Apr. 10 1,204 4576 Apr. 10 28,295
Jul. 19 1,124 45,89 Jul. 19 28,865

. 033 27 1,047 44,95 03327 28481

= 03366 0,972 44,45 03366 28 498

-43333434 4333343. o 33333343 -1627⁴
3341 Apr. 10 33333

1796Jan 1 333 3333 meze& 4333344413 ⁶⁸⁶}{333} -4Τ33
pr..

-162654, 11 1807133. 0
58,80 Λρῐ. 10
52,51 Jul. 19
51,74 031. 27
51,00 Dec-66

‚ -43333334 333433. 4 fissum-1627«
3493 Aprlo 41343 .

58 62 03427 41789
58,08 Dea 66 41,677

1799133. 068616,585-162657,62 1809133. 068644842-16271
s

Apulo 16687 57,07 Apr 10 44277
Ju1.19 16Ξ698 56,59 Jul. 19

 

