1,.,8

11 98888.
8 Im„

'eh 10 982541

20 988281
{uti 882771

2 οζ7899. 18899.

Tabula VIII.

12⁰3AE 1⁴03AE 1203.» loga Ε

0842010,
0858510,

1119999

,28891 087951 0,97228 187489

0,70241 1,08121 1,1879 8ΞΜ9
0,72511 1,15691 1,1095

0,74541 1,20981
0,76211 lmen

89977 mse
88889 98891
, 99888
99788. 98898

0,78281 1,ΰ191 056oe- 98905
(Ima 1,24151 0,84471 98862

0,77881 1,20681 1,00481

0,76491 1,15561
0,75491 1,08841

98776
1,11141 9,5154
11862 9,5502

0,74551 0,98221 1,28911 9,5824

81 0,.88871 1,27511 98128
1 088651 1,29701 98404
oms„ 99988. mom„ 9‚6667

87988. 98578
878981 9,7887

0,17668 0,9119
0,7829110840
0,18008 1,1196
0,81691 11810

88888. 122240

084881 1,2519
085181 1,2664
085581 1,2688
0,85511 1,2572

0,18511 1,2825

0,18441 1,1920
088521 1,1828
0,82561 1,0469
0,8170108225
081111 omi

o‚8o91· 98188

0,81171 omas· 18056
0,81911 084721 1,2988

mose„ 9,6915
888891 9,7158

1,26001 9,7878
1,21671 9,7585
1,15491 9,7787
1,06811 9,7980
0,94801 98164

0,74661 98842
0,84521 98512
0,8988 98878
08688 98884
0,9019 98986

1,0442 98184 ’
11418 98276
98414
98547
98677

98808
98925
08044

{5233
1,2879

18087

 

