Tabulae Χ sect. 1. α Sem-pii.

1155 11554155οζΟ 1515 515511

ww„ ’ΜΜ

ΙΙ

a 5,-15551511554511-55 -5-11155111’1 15554 -1“55’1 6111

1ο,-5,555 5555 5555

-655-5-11151 14155555 5114155
15 -5555 5515 5155

ι -15 ..5 51151 14145551 5115555
155515155515111-55 -1 51155 14151551 5151551
*12⁰ 11 11111 111
11155115 5551 5555 -15 -1511155 14111514 5151ζ551
1511551115515 -5,15-5,1 -5511151 14515555 51 5511
111511515511-151 -55 -5511155 14555555 5111551
11511515151-115 -55 -5551151 11151555 5115115
51151515 5115 -511 -11-1551155 14455415 5155551
1151 14415154 5141551
15115515515155-151 -15 -1551151 11511451 5155515
16511555155 -455 -55 -1541155 14541555 55 1155
55151515 5155 -555 -51-1541154 14555155 5511515
1115515115111-551 -55 5541155 1511511 5515515
55151115 5115 -5,51 -11 51541155 15 51551 5515555
55451551 5115 -5,15 -45 51511144 1111ζῖ1ἓὲ 11111111
ιι 5155555 515 -1,15 -55 51511151 15151115 5555511
1155555 5 41 -151-55 51541115 15155511 51 1551
19551087 5 0,3 - 756 - 2,9 58 54
a 555511 - 55 -551 -11 5151

19531018- 7‚1 -8,27 -1,4 5454 Diei 51115515 addendum 5115
1551515 -155 -551-55 54155
115551551-155-555555 5155 anto 51
15151555-155 -555 515 55155 551 N‘W· 2⁷ 51
· 2652498-175 -8‚08 52,6 5652
1511151515-115 -115 551 55451
17552548 -17,0 -- 7,ὃὸ 5 45 54552
21151383 -15,5 - 6,85 5 52 5452
1111 75511188 -12,9 - 651 5 5,6 54151
17551125 - 9‚s - 5,74 ÷5‚6 ÷3'÷1

11151551- 45 -511 555 55151
15551515 5 0,2 -4,70 54,4 52151

1651656 5 5‚6 -4‚31 ÷8,2 5252

6151140 5115 -4,06 511 51152
11σὲ51,515515,1-5,15 -51 551
1551555 5115 -151 -11 555
15151551 5155 -451-51 -1155
15151515 5115 -151 - 55 -1151

1 Ι

15 menn. 1511 et Febr. annormn bissextorum legitur 11155 insequens.

 

