Tabulae X. Seot.,II. 16 Capricorni.

mu'sa 0'0 1519091-61 1'9 406 6960966. 66594905 -69616
1466 60 54090 996 4666· 95969 2
69666 54 094 996 964. 69 95996 .

59969 949 06699 95966 1
'naq 59 905 999 06666 95999 6

6996 966 0 90 459965 -69 6656 69 16966 666 ¹3 90 59,ὢὲἐ 13} -69606
pf.

-181140,42 17821646. 020582,766 18101

17781666. 0205 8,298 -13119997
96
80,65
31,02

· mnan„ 0ωὸ 6,251-181120,50 17841169. 1205401611

9096 466. 60 40956
9696 966. 69 40944
9696 066 99 40996
066 66 5954 9999 Dec. 66 40’509

Ἷιιίἑ 0905 9,999,-69666669 6965966 0190546969
⁴ 46 660 9996 6950 466 60 49996

molan. 120512,254-1811 8,98 17861160. 0120547,896-18 9
616010 12,187 ,467 Apr. 10 47 445 ,
10119 12128 5,48 10119
Oct. 97 12,077 690 000 27 47, 518
06066 12,084 6,99 Dec. 66 47, 541

69991966. owse-4 -66 60 56 99 6999966 0 90 550 690 -69 9
646 669 ⁵⁷¹⁰ 11¹0
geo 66

ct 27 15 802
A 65 994
6996 966 0190 566 699 -69 604694 6966966 6 90 554994 -69 6
. 46660 66666 4999 46660 54909
966. 69 66699 5099 Jul. 69 54190

00027, 18 656 5084 00027 54,144
000. 66 18 682 51,47 06066 54099

466. 60 96066 4696

Αρτ. 10 57,400
Jul. 19 22082 9901

Jul. 19 57841
00027 20181 4951 Oct. 27 57,274
6060669 22189 4296 106066 57200

6999966. 090 599009 -69604095 &sm 0190559956 ..69 6

 

