1

Tabula vlll.
17887

boga! 17ος. Β 17090 hog-D Lnga Ε

mwwwww

99999 09797 097007 79999 -00 7899
99799 09999 090777 79790 99999 7099
99799 09979 097997 79799 97979 7099
99799 99970 799777 79977 99797 7099
. 99999 99999 7997077 79099 90999 7099

98764 180947 0,9969 98862 4086
98846 184387 08266 98144 4086
98266 186327 08188 98813 4086
98678 186907 988147 4086
98246 1861977 086297 4086

08899 184167 084467 , 4086
08989 180687 180477 , 4086
08820 186667 181187 , 4086
08646 188867 188617 , 4086
08148 088247 188907 , 4086

08612 083417 187617 , 4086
08963 088747 189697 , 4086
08178 9807677 180617 , 4086
09997 09999 790997 , ,7099
08288 omo 1,2882n , 4086

09909 09777 799077 , 4099
09097 79997 797997 , 7000
1’1194 1‚1661· ‚ 70700
79999 799997 , 70700
79999 0999977 , 90700

084707 , -1-0700
084697 , 4000
4086
4086
4086

4086
4086
4086
,4086
47086

4 086
4 086
4 086

 

