’7116196 X sect„ 111 α (1991616996.

4 ,ι ῃ hi „1133 ’,1911611191 1aoosan. 61911175119119
’ w. 111 111119 ,1 1951 Apul 19959
'a 39 ιω, 46,18 1111. 19 48669
02'· mm 1599 6997 19999
μὲ mm} 4573 11666δί 48598

&W 1961111. 6 791591651919

‚m 11169 9961 11116 59599 .
Κ 25. 11716 5951 111. 19 59699
oac 11956 9956 61197 59759
Μ· 11197 9995 111966 59969

79119616 1799199197 1969111. 6 7915667619919
9171 11916 56796
9199 151. 19 56966
9999 61199 57966
11959 111166Ι 57769

.- . Ἰ1991995711669111Ῑ17996996111919
,(1 , 9599 161. 16 1,019
‚ 9699 111. 19 1711

9699 6697 1797
9771 111156 1976

fin 6 79191971 19999676 1961111. 1

aur-¹⁰ 91777 9679 1171916 5799
1119, 91999 9171 111. 19 5999
me: 24‚615 . ‚

111165· 91916

nisu 6.·79199115199191599 1965111. 6 799 9766679919
,1.16, 99959 1691 171916 9965Ι
1111 99969 1779 111. 19 9951
611971 99961 1799 61197 9959
111996Ι 99991 1979 111166 9959

amm. 179199996Ι
191 19311

mssa. 0 72216‚896 -1-8217,
Apr, 10 85921 ·
1111. 19 35950
061271 85988
1166. 66, 86037

161. 19 89986

06627 40059
116666 40,140 5,06 119966Ι 20194

11991111. 0 72146958 1391957915 18091911. 0 72224,073
16910 44944 5629 111910 28969
1111. 19 44187 5866 1111. 19 23860
061127 mss ⁵857 oct.27 29746
110666 44841 5922 119666 21627 Ι ἕ

 

