Tabulae X. 995911. β Aquilae.

09927 1,608
09966 1,554

1771 Jan. 01944 4528
Apr. 10 4469
Ϋιιῐ. 19 4,408

Oct. 27 4,841 ’

09966 4,268

47519... 54544 1755 4 8555559 4755
454. 45 4575 p
954. 49 4545

Ι955. 4494495597 4 559

{misas} 4944 7544 4 5544554 4759545. 5494495755 4 5599

’. 3
45910 95081
Jul. 19 9,712
05927 9520
09966ι 9,527

16,19 Apr. 10 85,864’ 1
1629 Jul. 19 85‚949
1632 oct.27 86,οΜ
1627 099. 66 36125 ⁸ 1

4759 san. 5454499545 4 559.
9454 apr. 10 99595
9454 944. 49 99599
9459 55497 99545
9577 55555 99595

4944495594 5549954 4754445. 4494449545 4559

81,85 Apr. 10 4²,408
8142 Jul. 19 4248
8093 05927 42,5 .,
3⁰,38 09966 42637

-———-——-—-——

4775 san. 0¹194415‚129÷ 5549559 ’4795945 5594445559 4 559

445910 15,044
Jul. 19 14,964
099 27 14,889
09966 14,819

4775 san. 4554447599
Apr. 45 47597

05927 17,616
Dec. 66 17,570

]Apr.1o 204496
Jul. 19 20‚464
oct. 27 20440
09966 20,424
4775 ῖιῖὀ 4947959794 5545559 4755 san. 4

454. 45 955591

Jul. 19 28,368

1

4779595
445. 45 95555

19 44 26984

191. 19 26383
049271 26519
0996δῇ 26462

9955 Apr. 10 45595
9757 944. 49 45554
9755 5997 45554

,5559 55555 45545

4 5544455 4755544. 5494445545 4559
4459 445. 45 45555
4955 454. 49 45549
4959 55 97 45579
4455 59555 45555
777 Jan. 5494495595 4 5545559 4797445. 5594454555 4 555

49,59 445910 51878
48,80 Jul. 19 51‚888
48,oe 09927 51995
47,24 09966 51,894

4574454545 4 559
5555 4544 54599
5459 sul. 49 54594
5954 55. 97 54555
5959 555551 54559

4559 449 4755 san. 494457554 4559
554 454. 45 57594
554 944. 49 57549
545959 55497 57597
5955 94555 57595

 

