Tabula x11. mma.

mm obematsonu· solis.

1------
* October.

Radia· Vnt. Pani!-

⁹¹ ω’ Ψ TW· ⁸⁶2 ⁸ ¹¹⁰⁸* 0115 sm„ 15.

mni 5105.

4..

¹5 : 151 Ldos 050155 0550 1501 1515515 18651 ..855

11

3.ss -0,06
³.ae Ι--0,06

5 §.³2 j-o,06

“ , 831 “-0,06

.· 9.oe -0‚⁰7
ἑ 214 -⁰‚07
“ 936 -0,07

.
9 .

988 -⁰‚07
9,.’11 -0,07

178 0067 kmi 1‚61 5384
196 0,061 1,002 1‚615‚5³s
216 0‚o70 1‚oe2 1‚615.57⁸
237 0,077 1908 1515515

0510551 1505 1505555
mmmfflffl
5110551 1505 150 5515
5110501 1505 1555110
515 ο,111 1505 1555510

105 0515 1501 1515501

, 115 0551 1505 1515555
, 150 0551 1501 1555511
, 515 0555 1500 155 5555
, 555 0515 1510 155 5551

,1 500 0551 1511 1515505
, 5110555 1511 155 5551
, 550 0551 1515 1515555
, 155 ο,111 1515 1515551
, 1510511 1515 150 5550

, 888 0184 1,017 15965981

, 551 0500 1515 15555505
Immmwm

987 o‚197 1‚019 1515511

, 1015 0510 1555 15115555

mmwwffl

‚mmmmm
,mmmmm
‚Wwwwffl
‚mmmmmffl

1898 0347 1,080 1,86 6101

Ifflmwmffl
,mmmmm

015 -055
155 -515
151 -055
151 -055

18 ῑὲζ1ἓ
245 ..039
3:33 :8:ss

555 -055
555 -0,10
555 -0,19
151 -0,15

43⁸ -0,48

155 -055
155 -055
550 -055
551 -055
551 -055

551 -055
555 -ο,15
551 -051
550 -0,11
151 ..0,11

155 -051
150 -051
151 -055
8,10 -0‚46
555 -055

551 ..055
555 -055
050 -0,15

 

