Tabulae X. Soet. 111. α ceti.

T 5 55141455 ÷ ἓ 455854 4555444. 5 8514424444 ,ι ³¹52

Apr. 10 19383 2034 Apr. 10 49,862

1441. 19 19308 19,53 1441. 19 49,946 1
’ 051. 27 19,780 18,83 Oct. 27 Ι 50,033 5

Dec„ 66 19,644 18,15 Dec. 66 50,124 5

17911444. 0251227911 ÷ 81532,96 1801134444. 025153,214 -1- 318

4545444. 4 5 54 55544 ÷ 5454554 4555444. 5 5 54 55 545 ÷ 5444
4454 586 13 888488
4445 54454 55454
45’55 4444. 55 54555

17931544.025128,335-1-81558,24 18033544. 252 0,131 4³18!

179 444. 555454 44414Γ 5454554 4564444. 4555 5545 ÷ 544

Dec 66 30324 1217 Dec. 66 3,774
17951544. 0251311965 -1- 31626,69 18051444.. 0252 6,880 ÷ 319

Apr. 10 36, 875 42,67 Apr. 410’ 10, 131
14119 36, 853 43,13 1441. 19 10,135
051 27 36, 841 43, 64 051. 27 10, 129
Dec. 66 36, 837 44,20 [Dec. 66 10, 115

p p ’48 ι ’
4445444. 02 54 45455 ÷ 917 4545 4554444. 4 5 55 45544 ,ι 544·
44445 44455 4545 444. 45 45445 4
44444 45554 4555 444 44 45445 ·
44 55 oct. 54 45 545 ι

, 4555 444 55 45444

4444444. 55544655545445554 4554444. 555544Ἡ4454544
Q— 485Ξῆ 5555 48444 45455

05127 46609 34,67 05127 18902
05566 46,687 8534 05566 18,811

 

