’1111111911 8911 L α Andromedae.

171111. 181111111118111111 1119111, 11118 8191 111111
Ar. 10 11111 1911 11111 1119 1
11119 19111 1911 111119 o,771 4
91191 11199 1911 11111 om 1
01166 82847 8988 01166 0,781 1

-ι

17511111. 0285585806 1127111911 17611111. 02856 8848 -1-2716 1
11110 85818 5982 111110 8859 ¹
85820 5987 Jul. 19 8888 ι

om 11111 1911 11111 1911
11111 11191 1199 111111 1911

17521111. 1285588868ξ-1-27481880 1762111 02856 7808 -1-27168
111110 88816 1880 Αρῐ. 10 7854 2
18,26 JuL 19 7,107 2

' 1786 01127 7867 2

17,42 01166 7884 2

-1-27 48 8788 17681111, 028 5610878 -1-27 46 41
1711 11119 11119 1
3681 Jul. 19 10‚425 1
8588 01127 10806 51
1111 11111 19191 1

Ρ
17541111. 0285511810 -1-27185581 17611111. 1285618829 ÷274711
Apr. 10 14860 5182 11110 18817 1ΐ
Jul. 19 48876 5482 Jul. 19 18808 1,
01127 18886 58,71 01127 18801 l!
¹ 01166 18892 5888 01166 13897 1!

——

175521m. 0285516889 -1-27441880 17651111. 0285617882 -1-27178
,11110 16898 1287 Apr. 10 17‚128 8
Jul. 19 16895 1181 Jul. 19 17821 8.
01127 41596 1132 01127 17820 8

01166 16895 1080 01166ι 17,115 8

1111111. 1911119191 1911111911 mm

,111110 49898 8081 11110 20845 5
Jul. 19 49898 2988 Jul. 19 20886 5
01127 49896 2988 01127 20821 5
011. 66 49800 2885 01166 20808 5

17571111. 0285552897 1971141164 1767111. 0285628818 127111
Apr. 10 52801 1818 Αρτ. 10 28880 1
Jul. 19 52815 4787 Jul. 19 21806 1
01127 52881 4785 01127 24877 1
01166 51851 1688 01166 21812 1

1758ὶ111.1312855ἓί,3ἒξ -1-2745 681 17681111. 1285627889 -1-27 488
P‘· v

Jul. 19 51899
01127 51888 681 01127
01166 54881 586 01166

1119111 1911111111191111111 1119111 1911111111 191111
111 119 v 1
om 11111 1111 oct. 111 11199 1
111111 §ms 9111 11111 11111 1

 

