Tabulae X. 89911. α Serpentis.

1159111. 9191151991 ,11111191 11191111 1111991991 11111
111. 19 59911 1191 111. 19 96991 . 1
111. 19 59919 1191 11119 96911 1
91191 59919 1511 91191 96911
911. 61 69991 1691 91196 91911

1151 9161911. 9911 ÷ 1111191 1161111. 9151999911 ÷ 1111
11119 9991 1191 111. 19 99999 1
111. 19 9’099 1591 111. 19 19919 1
91191 9969 1591 91191 99991 1
91111 9911 1691 91166 99961 1

17525911. 11582 4,.978 -1- 7182645 17621111. 015 8286884 -1- 7111
19110 4929 2622 Apr. 10 1
Jul. 19 6878 2698 ’ sul. 19 86022
09627 4,810 2678 09127 86097
09966 4,741 27,47 Dec. 66 86177

17588111. 01582 7,709 -Ιι 7181620 17685111. 0158286095 -Ι- 711
1692 1111. 10 86177
16 61 Jul. 19 86261
17,27 09927 86847
17,90 Dec. 66 86 485

11511111. 91519199611Γ 111 691 1161111. 115191915911191
191. 10 16276 627 Apr. 10 39,439 1
111. 19 19916 691 111. 19 19991
91691 19996 199 001. 91 19911
099. 6111 10, 002 7,78 Dec. 66 89, 701

1155111. 9161919911 ÷ 1196591 11111111 9111919911 ÷ 119
111. 1ο 19915 55 91 161. 19 19191 .
111. 19 19991 5699 111. 19 19916
Oct 97 19, 191 5195 oet. 91 19, 166
91161 19615 6111 91116 19911

17561111. 1158216589-1- 7124466 17665111. 0158246868 -1- 7101
Apr. 110 15 502 44,81 Apr. 10 46987 1
Jul. 19 16420 44,88 511119 46006 1
091. 27 15 ,842 44, 88 091Ἴ 27 46 ,070 1

Dec. 66 15 269 44,80 019. 66 46128

. 9151911911 Ἶ11191999 1161111. 9“,15191996119119,

,19 11961 1999 19119Ι 19199

49,156
49, 196
49 ,229

111. 9151999959 ,1 1199991 1161111. 1151959191 119
111. 10 19911 1996 19119 59’ 191
111. 19 99911 1991 111. 19 59911
9119196111 1196 96191 59996
91111 99991 1191 91161 59999

1159111. 9111991119 ÷ 119 199 1169111. 9151965111 ,11 91
11119 11111 599 111. 19 55119 ⁴
11119 91951 691 111. 19 55169
91191 91961 196 91191 56111
91611 91911 191 911 16 65, 111

 

