Tabulae X. sect. V. α Canis 9968996986.

18309111.0981929‚751 45⁰s9'1'‚76 9696 san„ 9 96666666 68 ³12
966. 96 96669 ⁵19 m ἓξὲξ ς
6666 636666 666 66699 66666 l.
66666 96696 669 96666 66666 9

——u——n-

9669996. 6 96696666 66666966 9699966. 6 96669666 66699
9696 96666 6669 969. 96 69696 9
969. 99 96669 6666 669 99 69699 9
66699 96669 6966 66699 69699 9
Dec. 66 96669Ι 69 669 66666 69666 9

, 66666966 9999966. 6 969 9666 66699
, 6966 969. 96 9696 9
, 6966 969. 19 9669 9
, 6666 001. 99 9696 9

5465 06666 2,715 ,1

9666666. ο 96669666 66669669 9696666. 6 969 6666 66699
996 9996 99 6 999 9
66699 69666 9969 66699 6696 9
06666 82678 4868 06660 5664 1

- 9669696. 6Ι 96666696 66666969 96 san. 99699696 6669
96. 99 66669 1391 11¹ 19 6666
66999 66969 9966 . 66699 6666
66666 66999 9966 66666 6699

1885 Jan. 0 78038614 65388861 18458699. 0 78112658 65865
8397 Apr. 10 12608 Ε
8467 Jul. 19 11,946 1
01127 38,733 85,18 06627 11,888
8568 066666 11,810

fl

‚ 66669669 96961666. 6 999 99669 66669
, 9969 969. 96 99666 9
9969 969. 99 99696 9

9966 666. 99 99666 9

9666 66666 996991 9

9669666. 6 96696699 66669969 9699666. o· 969 99699166666
9966 969. 96 99699 6
9966 969. 99 99666 6
9996 66999 99669 6
9969 96666 99669 6

65669666 1848866. 178120611 65868

, 9666 Apr. 96 96696 9
1064 , Jul. 19 20‚410 9

10‚67 Oct.27 20611 2

. ‚ 1944 06666 20614 2
18898699. 0 78052667 -1-588 1,71 18498691. 0 78123698 45861
Apul 52668 - 113 916610 88696 1

169 16119 28305 1

66999 69699 669 66999 96696 9
066661 52640 028 06666 88685 1

 

