Tabula vm
18⁰9.

[9311 1993 11330 [1391) Lnga Ε

WWWWWW

sm. 3 99191 39133 39393.. 13999 -ω 3691
1ο 99391 39131 393393 19193· 39333 3391
3ο 99331 39313 391313 19133 39313 3391
33 39931 39339 193133 19313 39131 3391

13139 99311 39191 193391. 19331 99333 3391

, 19 99333 39113 193931 39913 99333 3391
· 111111 39333 39313 191333 39331 99111 3391
11 99931 39313 193331. 33133 99313 3393

31 99133 39333 193933 93133. 99393 3393

31 99319 39333 193193 393393 99933 3393

998488 0‚8477 1241521 0‚8447u 9‚4362 4098
9,6669 0‚8598 1.‚2068n 1‚0047u 9,4776 40,OE
9,6866 0,8788 1‚1556n 1‚1118n 9‚5154 40,OE
9‚7080 0,8871 198852· 1‚1862u 9‚5502 40,OE
9,7807 0,8998 0,9828u 1‚2391n 9,5824 40,OE

2754ss 0‚9105 0834011 1,27511ι 9,le 40,oe
97781 0,9184 0,5870n 13969„ 9540ss -Ι- 0,08
98014 0,9282 9,9055 11 1,.806111 9‚6667 3- 0,oe
98287 0‚9246 0‚8567 1,8038n 9,6915 40,OE
9,8445 0‚9228 0528& 1‚2882u 9‚7150 40,OE

99333 39133 39113 133333 99313 3393
99331 39113 19333 191331 99333 3393
. 99911 39331 19193 193333 99131 3393
39313 39931 19339 193331 99933 3393
99133 39313 19339 391313 99131 3393

99313 39331 19319 391333 99313 3393
99333 39333 13331 391331. 99313 3393
99133 39331 19333 39933 99313 3393
99313 39313 19313 39333 99331 3393
99393 39933 19331 39319 99933 3393

99331 39333 19933 19113 99131 3333
99131 39193 19333 19111 99313 3393 -
99931 39311 19133 13393 99111 3393
39333 39113 39331 19311 99311 3393
39139 39333 39333 19333 99311 3393

39391 39333 39333 19331 99333 3393
39139 39313 391331 19333 99933 3393
39333 39333 39111. 19931 39311 3393

 

