Tabulae X. Soet IV. α Canis nujon'ae.

66661666. 0: 666666661-
{Apum¹ 66666
666 66Ι 66666

,66 66666
ffiw! 66666
666 66667
,16666666 66666

Ι61166 66666ε
66666 66666, .
ime 66666 666 66666 w 1

9199... 6666666661-66666666 66666ῑό 66666666 -6666
66. 10 66766 6666 6666 66666
666 666
,mesi 666666

666 sa οὲ 66666666 -66666666 6666666. 6 66666666 -6666
Amo, ⁵6‚170 6666 6666 66666
1666666661
66666 66666 6666 nec. 66 66666

.- .—-.. ————--—.--—

6666 666 ο1 66666666 -66666667 6666666. οἳ 66666666 -666
Αρῐ. 10 58620 14,δὸ Apr.10' 26995
66 66 66666 6666 sut 19! 66666
66666 66666 6666 001„ 27! 26‚923
66666 66666 6666 17666ὁί 66666

6666666, 6; 667 6666 -66666666 6666666 ο 66666666 -666
*pr-¹⁰1 1,371 6666 Apr.1o 29‚626
66. 66 6666 6666 666. 66 66666
66666 6666 6666 66666 66666
66666 6666 6666 666666 66666

1817 an. 0 667 4683 -162818‚89 18271666. 0 63732662 -1691
Apr. 10 4121 18,ss Apr. 10 82009
16119 1165 17,62 Jul. 19 81‚9⁵1
00127 4‚215 17,oe oct.27 81,⁸87
176666 4,270 16,56 Dec.66 sima

1818Jnn. 0 697 6666 ,-666666,66 6666666. 6 66766666 -6666
66. 6ο 6666 6666 666. 66 66666
666. 66 7666 6666 666 66 66666
00127 6666 66666 001. 27 66666
nec„ 66 6666 .. 6666 66666 66666

——-.

66766666 -6666
66666 6666 6666 666. 10 66666

1661. 19 9927 2392 Jul. 19 866982
06667 66666 6666 06666 66666 .
Q

 

