Tabula vl.

1996699996 recta §edm 89199 pro 99691996 aarum unifica,
addita Nutatt'm 8919996.

Ἤ

9 96996996 99999999 9969699696

9 9969666 969696 9699699

9 9999999 699996 9999999 9999999
9 99 99 999 69 9966 44 96996 96 69 699
9 6696969 99 99999 9699999 9996966
9

6

9

6

99 999999 99 99969 99 69996
699699 96 99966 69 99969
999969 99999669 9999699
96 99969 9 9999 699696
99 99999Ι 9 9999 99 99996

9999699 g 699999 99 99969
99 99999 99 6ιῶ 99 99ζ999 {2 ¹3]ss
99 99999 6669699 96 99996 96 9999
66 99966 6999969 99 96996 69 9699

-ῗέῧῧϊὸἷὲἓ

69 6696 99 99699 69 99999 69 69996
96 9999 96 99999 66 99666 69 99699
99 9996 99 99999 99 66666 99 99696
6ο 69969 66 99966 96 69966 99 99999 9
99 99699 99 9669 99 69699 99 99966

66 99996 99 9 9699 99 99699 69 99999
99 999969 9 9999 9999996 69 69999 ,
699669 699996 99 99996 9969999
99 99696 99 99999 9699969 969699
9969996 96 99699 999969 999969

96 69969 9999999 99 99666 96 96966
9969999 9996999 99 9966 99 69699
9699996 9699969 99 9999 99 99699
6999669 69 69696 96 9699 99 99999
6999969 9699696 9999996

6966699 66 9969
99 99999

15
16
17
18
14
⁸)
21
a
n
24
25
25
n
28
29
ω ,
³1

[ι 9996999. 1999. et Febr. 9999999999 bissext. legitur dien 9996999699.

 

