mulae x 666 v a 6566..

68865666. 6646226668,ιὲ 286166 6866666. 6646268,8’86866 266
185 13 8ζόῗέ 8256 18 5565 {3³39 ἓ
,66622 285682 82522’ 66622 665666 6
,66666 285666 66566 66666 665666· 6

18815.16666 0194281805 ÷ 8254582 18411666 01948 amoq-827

mo 6ι5226 6666 6,,666 2666
5. 6662 sul 66 2666

48597 06627 2258
48524 06666 2808

· ι
18821666. 11942845460 ÷ 8255284 18421666. 019ss 5220 ÷ 8271
Apr. 10 84899 51,79 Apr. 10 5267 1
Jul. 19 84844 5182 Jul. 19 5807 1
066 27 84296 5024 06627 5889 2
066. 66 845 255 49, 44 06666 5868 2

18888666. 0194287196 ¹}- 82568J6 18488611. 01948 8284 -1- 8272
A 6. 10 875161 57, 95 Apr. 10 85804 8
J. 19 875188 8
oet„ 27 875118 565 88 068. 27 8, 5818
066. 661 875 ,1011 555 61 . 066. 66 85818 8

6666666. 6666266666 ÷ 826 6,62 6866666. 6666666266 ÷ 6226
6566 66666 665286 6
6566 sul. 66 66266 6
2526 66622 66688 6
2566 66666 665666
1

18851866. 0194242979-1-8261186 18451666. 0194814894-1· 8275
Apr. 610 10 78 Apr. 10 14 058 5
16119 485084 10516 1661. 19 145006 5
Oct. 27 48, 072 9, 68 Oct. 27 18, 9521ζ 5
066. 66 485117 9516 066. 66 18, 891 5

18861666.11942460304-8261887 1846ἰ.1666 0194816840-1- 828
A.pr 10 46880 17 94 Ap r. 10 16 775
16119 465186,17558 166551. 19 165704
Oct. 27 46,198’ 17526 Oct. 27 165629
Dec 66 465265 17, 01 066. 66 165 548

1887’.1666 0,194249170-1-82626,15 18471666. 0194819804 4 8281
Apr. 10 49241 25595 46610 19 420 1.
5661, 19 495815 25582 866551. 19 195884 1.
666221 66666 26522 66622 62266 6.
Ι06666ᾗ 49477 25, 78 066. 66 19,155 1.“

1888516666. 0194252877 4 8268484 184816666. 1194822114-1- 8282
Apr. 10 52460 84,90 Apr. 10 22028
Jul. 19 52544 85,02 Jul. 19 21282
06627 52880 8522 06627 21842
06666 52, 717 85, 48 066. 66Ι 21, 752

 

