Tabulae X. 8011. [Π. 9 lyrae.

1199166. 9111161666 4151'1 5161 1699166 911611 1616 Ἰ161111
6169 16619 9616 1

. 6161 61 19 1616 1

, . 5666 96611 9661 1

5fl‚69 »0166 2888 1

2, 48886 1‚47 1801Jan. 01830111198 -1-88161
175 Apul 11‚9⁵7 l
19⁵ 19119 12‚017 1
2,08 01127 12,977 1
2,ss 11116661 12,138 1

ΜΠ 1619616991 66666 569 1691166 9166916666 666661
. 1113 11111 Ξζὲἓ 11113 1ῒέ 1
96111 56699 116 96611 16611 1
96666 56656 666 96666 16666 1

17931111 0182955907143836 750 18081611 0183016996 488961
Apr. 10 55‚744 7‚21 Apr.1·16‚458 1
6‚85 1111· 1650?
693 0112? 16‚659
598 1³11OE 16,608

11911166 91161961616116666 669 1691166 1161916611 666661
Apr. 10 ⁵155? &46 Apr.1·18‚669 ¹
, 161. 19 51695 166 11119 16611
96111 61666 166 96111 16659
116666 51611) 666 966661 16666

1196166. 9161951655 66666 966 1696166. 9166919696 666661
Apr. 10 596113 8,94 116110 20‚835
161 19 59616 669 161. 19 19661
96111 59661 161 96611 19661
Dec.66 59,817 6,61 Dec. 66 2⁰39ss

1196166, 116691655166666961 1696166 9166911616
16619 1661 666 Ι166191 16665
16119 1616 661 161. 191 11611
96611 1691 161 96611 11661
116666 1695 669 96666 11661

—..,....-...-...—..

1191166 91669 6616166666 966 1691166. 9166916669
16619 6616 661 16619 14669
111. 19 6616 661 161, 19 11616
96111 6666 166 96611 91616
116666 6619 669 96666 16699

—- ——..-.. ——--—

1196166, 91669 6616 Ἶ166 66 965 1696166 1166916969
16619 5611 661 16619 16699
16119 5611 6 111 19 16615
96611 5611 169 96611 16666
116666 6615 661 nemos: 11‚192

11991166. 91669 1‚199÷99111o‚09 1699166, 9166916666 66666
16619 1619 961 166191 16669

· 161, 19 1669 961 111. 19· 16169
96111 1616 669 961. 11Ι 16666
116666 1669 669 966661 16619

N

 

