Tabulae X sect. 111 11 Corona.

111111. 9119111919 191911999 1999111 9119111999 1919
p. ‚ 1911 Apr.1·18‚2oe
· . , 1999 1119 11919
1111 91191 19911
0999 11933

791119. 0152550828 mmm 1001199. omnm ÷272
. ⁸ 4266 Apul 16,021

9991 111. 19 19999
1999 9991 19911

1199 Ι1Ῑ1.““ 119911199 1919
. ³291 Apul mss

mo Jul. 19 11308
ms 0427 18‚970

8³,oe 099.ᾶό 19088

1199111 9119111999 191919991 1999111 9119991919 19191
11999, 9911 1111 91999

1191111. 9119111999 19191991 1991111. 1119991999 19191

⁷,65 »0266 24,406

§2902 645³ 11119 26‚962
Oct.27 59,884

1191111. 9119119999 19191199 1191111. 9119999991
ffir 13 19991 1199 Apu 99919
91199 19911

119111Τ91199 1991 19919999 1991111. 119991991
11111 111 99 1111 1111
(11191 1ζ919 9119 99191 91999
91199 1991 9919 91199 91199

1199111. 911991919191911191 19991111 1119991999
Αρτ. 10 7,658 10‚78 Apr. 10 meo
111. 19 1199 999 111. 19 91911
9191 1191 991 91191 91919
91199 1999 991 91199 91911

1199111. 9119919911 191991991 1999111. 911999999919191
111 191 *vr-19 111
(ssim 19ζ119 11191 111191 11111
91199 19911 1199 91999 99999

 

