Tabulae X. Soet lv. α Arcem.

181 999. 9115696999991919959 9999999 9 957 1599 999969·
19:10} 99799 9599 ,ιι9 9599 9
Ju1.19 99995 9599 ιι. 99 9799
9997 99599 9979 9997 9999

99999 99999, 9999 9999 9999

, saffffi191929111÷22991112 ’9999999 9 957

Apr. 10 uam ἓξὲξ
999 ιιι
119966 22951 8985

999999. 9 95595999 99995795 9
Αιι. 99 99799 5999
. 5999

5995

1818

lu. 19 &8546
09927 88567
Dea · ·' mm

18141211. ο1 959999791999999999 9999999. ἰ, 95797997 999979

919910· 41ιὸ08 8096 Apul 17,287
9ιιι. 991 99799 9999 79. 99 99999
99979 99599 9999 οιι. 97959
99959 99959 9999 99999 97995

a—----—·——
9

-μ-

9995 7ιιι. 9 95999999 9999999997 9995 999. o 15720‚735 ÷2291
119110- 4919 Apr.1o 20,752
99. 99 99955 9955 911. 19 99799
9997 99959 9999 oet„ 2⁷1 99759
99999 999991 5999 99551 99795Ι

9995999. 919599999999995 795 99951999. 9 9579 ,999 99999
Λιι. 99 99999 999 9ιιι. 99 9 ,999
99 99 99999 995 99. 99 99999
9997 99999 999 9997 99999,

Ι09966Ι 493369 9,81 119966Ι 28977·

--Ρ--ω--.

999799, 9 955599999999559997 9997999. 9 957999ἦ9ἶ99
ff {1331 {131 11¹1ss {3131

09927 511104 2985 09927 27,168ξ
179966 51,862 2951 1199661 27‚091

18181999. 0 15659197 mamm 1828199. 1 15730475 4228ss
Apr. 10 55260 4731 Apul 80‚89s
Jul. 19 55,829 47‚97 Jul. 19 30,306
09927 55909 862 09927 30314,
137

099661 55‚186 Dec.66 39116ἶ

9999199. 9Ι 959 59999 99999 999 ’9999199Ῑ9Ἱ957995999999
3111. 10 599991 795 μμ. 99 399967
sul. 19 ⁵8.989! 797 ¹111. 99 suos!
oct. 271 59999 999 19997 99999
99991 59999 999 inanes 99,o91

 

