'rabulae K 8961. V. 10 mm.

6666666. 1616446666666166 6746 69 6646666 66449 6666 -66666
61169 96 797 46’96 616 19 61693 6
06697 96’697 47’66 66697 6967

18341666. 0’;111129981-15183,04 18 Jun. 11142 5,212
Apr 10 29,969 3,56 Apr. 10 §.9117
Jul. 19 29,961 1,12 1661. 19 5,193
061.27 29,968
Dec 66 29982

———-

1835166 01411 33, 278·
Apr. 10 33, 298
Jul. 19 33, 327
06127 33 364
Ι966. 66 33, 410

6666666. 6644666696
Apr. 10 66 747
666. 19 66666
oct 97 66, 676
Dec. 66 36, 943

⁴--.-..-—-—··-

666766ΠἮΜ-66666696 6647666 664496466661-6696

16610 40,296
161. 19 40377
061. 27 40,483
Dec. 66 10,555

-——-.—--——-—-—

1838 1666. 014 41 43, 826 -15 19 13, 97 1848
Apr. 10 43, 919
41,014
061. 27 41,111
1966 66 44, 211

1839166 0111147, 480
pr. 10 17 580

161 19 47, 680
06127 47779
nomes 47,877

166.1144217,532

 

