’1151111111- 8001111 1 Herulis.

1791711. 1Ι 175 5117 1111111411 1111711 1 11111571 11111
118 5ῑὲΞὲ

91117 5111

11111 5111 1711

1751111 ,111111191 1111711. 1 17511511 11117
1 r. 10 7711 1111 11111 11111
. ‚ 1111 711. 19 11715
, , 1117 1117 91117
Ἰ , 8445 , nomes 84910
’17·’ 11. 1 17511119 1111119111 {oo-121. 11751711111191
71113 13118 11186 11. 19 17771
1117 11111 11, 1117 17119
171166 9947 80,08 Deo-‚66 87,924

1791111. 1 17511715 1111115117 1111711 1 17111119 11117
111 11 11 11
1117 11111 1497 11117 11111·
01166, 12894 2469 Deua· 49,892

17985111. 0 17⁵15‚147÷148820‚07 18040111. 1 17644602 -1-1487
Apr. 10 15,078 1974 11111 ’ 44658
711. 19 15111 1911 ’ 711. 19 11717
01127 14956 18,87 011. 48750
111117 11911 1111 11111 11711

1795711. ο 17517151 1111111111 11151111. 1 11511511 11117
11111 17111 1111 11111 11519
111 19 17‚561 1111 111 19 11511

01127 17527 11,96 01127 44582
111166Ι 17,501 1425 01166 44592

1796111. 1 17520789 -1-14885679 18061111. 0 17549819 -1-1487
Apr. 10 20‚217 6,05 11110 49‚824
51119 20705 5, · Jul. 19 49822
11197 11199 1,5 15117 19111
01166 20,201 871 01166 49794

·-·1—-··· -, ..-

1797111 117511919ζ111115117 1111111. 1 17111111111117
11111 22111 1281 11713 51117
1117 11971 5511 1117 51911
11111 11111511,4 91115 51195

1798111. ⁰ 17525723 1143751710 18081111. 1 17554641 -1-1487
19110 25757 50710 111110 54592
Jul. 19 25798 5408 Jul. 19 54585
01127 25845 4988 01127 54474
01166 25899 48,56 05166 54407

· &9911 ο 175911111111711111119111 117557,151“1Τ117
111111 91117 1111 111. 11 57119
Jul· 19 287291 1175 111. 19 57115

11117 11791 1111 11117 51917
911111 911171 1159 11151 51155

 

