Tabulae X. 301011. β Tauri.

178⁰ 1780 m? 41110011. 0301111011.

mmm sev-saw

1”,464 4 47 4 777 4 43 41 -2 1770 3 10407488 4208023041

1ομομ404ῳ433ω10οω7
1140- 57 4051 407 43 -3 1773 11537100
1869 -107 4374 437 43 -2 1773 11573916
1740 -137 4070 407 44 -3 1774 13 17737
1775 13 47540
1003-167 4375 407 44-1 1776 12 67353
0713-107 43711 -0‚8 44-11777 13127167
ωωηῃ4ωο77μ-Ηω 0003
0,536-10,041,07-0,7 44 01770 13300700
0743 777 4770 -07 44 01700 13337614
1781 13377431
0703-147 4370 -1,0 4 01703 13317340
0,053-11,0 4175 -5,0 4341 1703 13357060
00-047-ω4μηο mmm
1003- 37 4074 -4,0 4341 1705 13437710
0070 4 37 4077 ..44 4341 1706 13467533
1707 13503355
00354 70 -0,14 - , 41 1700 13547170
107οῑ4137-075 -37 0 01700 13 570004
13044177 -0,66-1,5 0 01700 1317130
77304317 -075
0649 4347 -073

3303030
3335304
3330060
3040036
3047004
3331706
3353703
3350735
34 3761
34 7703
3411710
3415730
3410333
3430363
3437760
3431005
3404050
3430040
3443730
3446704

49104777 - 0‚59 41,9 -2 -1 Diei reducto addendum 0313

17054305 -036 437 -3-
15004317 -0,05143,4 - -
18174313 40770480 -

0174673279 †0‚73·† 492 '¹' '-

!‚4771÷38‚1 ÷1‚16„÷4,s - -
48084389 41784447 - -
77344387 4800 447 - -
7045344313 4239 43,8 - -
176008074276437 - -

4052418743,11’43,5 - -
43744260 4376 437 a·
45774233 4371 43,6 -1
1789 4200 4 477 ,4 8,7 0-7

40734167 44551400 0-0

mah-119 4 494447 41 -8
57104 77 4 507 443 43.-0
175οἱ4 33 4 5704441 assi-8

0

0013. 130. et Eebr. 00001011 bissextorum legitur dien imm

 

