Tabulae Χ. 99691 26 Librae.
1

9766999 69191 6999 -91691799 1790111. 9919191996 -1‘'⁵ 1'1'211 ·
1p1.1o 6996 9697 999, 96 97999 9979 ·
11119 6999 9699 96. 99 97999 9996 .
6997 6997 9699 6997 97969 99

119966 6686 1536 Dec„ 66 37‚890 {³1:66

1751196. 014⁸? 992⁸*
Apul 9,921
Jul. 19 9909
00127 9878
Ι)9666 9843

- 15 218,oe
1839
1997
9015
Ι 2061

1753111n. 6999796996 -9969 6797 1769111. 6999797999 -96 99696
191. 96 96979 6696 999. 96 97769 9679
96. 99 96996 6696 96. 19 97969 9799
66697 96999 6697 6997 97966 9799
Dec. 66 96999 6999 Dec. 66 99996 9999

-Q

1759911. 6996799999 -96 69699 9769766. 9999769966 -96 96999
9999 999 ’
69697 99969 9ζ99 66697 69969 9666
Ι)96.66118,851 7‚95 09666 51,701 ⁵5‚72

9766 911. 6999799977 ·-96 69976 1799111. 6999769966 -96 99996
999. 96 99979 9996 99. 96 66966 · 9999
96. 99 99969 9976 799. 99 66969 9979
66697 99966 9997 69. 97 66969 9969

“ Dec. 66 21361 22,oe 1911663 55,397 1219

1711 Jan. 9999796997 -96 69779 m

1pr.1o 99999 9799 191. 10 69766 9799
9796 ul. 19 69797 9799

99796 9799 6997 69969 9799

66666Ι 99999 9696 69666 69997 9799

976996. 6999799999 -96 66999 9767969. 69999 9999 -96 99996
6999 999. 96 9997

6999 76. 99 9969
66997 97779 6996 6997 9999

Dec. 66 mos 5275 99666 29165Ι
ᾗὸ-ΒΙ

9769 911. 6999799996 -96 99999 9769999. 69999 9969 -96 99997
Αρτ. 10 9908ss 2526 Apr.10 9‚177 11,851
69 9 99 9
169. 66 99996 9679 66666 6666 6666

 

