Tabulae X Soet V. α 7061616.

””, ..1816111616161111151611666 ’

1661611. 6161616616 -16166166 1611111. 6161666616
111· 10 17,522 81,01 11610 50,126
11. 16 16’161 .

06627 17 858
06666 17,277

1882866.1181620,448 -16161666 1842816. 0181658458
Apr. 10 20876 49,Οὸ 111610 58, 509
5111. 19 20,.912 48,96 11119 58,557
06627 20,255 48,90 06627 58, 597
06666 20,205 48, 91 06666 58,629

06666 28,248 8,48 06666 56,821

1888866. 0181628868 -1017 7,91 18488611. 0181656767 -1020.
811610 28824 7,95 Apr. 1· 56794 .
Jul. 19 28,288 8,05 lul. 19 56 812 .’
06627 28,261 8,21 06627 56821 ὲ

1661111. 6161666661 -16166666 1611111. 1161666666
11116 66666 6666 11116 66661
111. 16 16666 6666 111 19 59’999
61166 66666 6666 61166 66 666
611. 66 66666 6666 Dec. 66 66666

1665111. 6161666616 -16161666 1616111. 61616 6666
11116 66666 1666 11116 6611
111. 16 66666 1616 111. 16 6666
61166 66616 1666 61166 6616
111166 66661 1666 61166 6666

1666111. 1161666666 -1616 6661618111. 61616 6666
11116 66666 666 11116 6666
111. 16 66 909 616 111. 16 6666
61166 66666 1666 61166 1666
06666 88,042 10,68 06666 5,718

16661116161666166 -16166616 1616111. 61616 6661
6666 11116 6666
6666 111. 16 6616
6166 61166 6616
6166 111166 6616

-1029

310—21‘

ΓΜ

-10211¹

1666111. 0131689,605! -16166666 W

111610 89694 5189 Λρῐ. 10 11,599
Jul. 19 89785 51,99 1111. 19 11,500
Oct. 27 89878 52,58 06627 11,401
Dec. 66 89 ,978 58,15 06666 11802

1661 11116 11666
16 66 111. 16 11666

 

