6161114 x. 9669. 00. 9 orionis.

077 066. 01 191,600-1 99196 0796006. 0 1961-699 891ος
066. 00 96070 0,09 Apr 10 67 679 ·
060. 09 96090 0’97 060. 09 67 690
06097 90990 666 0697 67 696
Dec. 66 80, 888 6,41 Dec. 66 67, ’764

0770006. 0 6 699969-999 099 96οἾ6 0 0,-607 996
p. Apr10 6666
060 09 6769
ι p· 9’ ,ζ Ρ, 1 9 ““ ξ
l
7

6960
9999
’ 096 06666, 8111

8286687 17887611. 0, 6 4 6968 - 8276
66, 20 Apr. 10 7016 6

66, 47 ,100119 7,]80 6

7, 216 6

Ι 7, 298 6

P
17747600. 06840996- 8286191 1711476061 6 410,-147 8271
p. ‚ 6196 Apr. 10 10 ,228
. , 6192 10119 10 806 1
. , 6182 00127 10880
. , 61, 66 Dec. 66 10, 460

0776066. 06906669- 6960697 178—5J6n 0;,-6419904* 6970

Apr. 10 06070 0660 069. 10¹ 09, ’970Ι
000. 09 09996 0690 000. 19 09 099
06097 09 996 0699 001 97 09 099 1
96666 06960 0660 nec 66 06699

-6960096 Γ766006 016 416,4oo'- 6979
0096 066. 00Ι 06006
9999 000. 19 06090
9999 001. 97 06606
9669 06666 06699

, -6969997 ffisan. 0· 6 0099091- 697“
1613 6:6¹6 666 6613 {366
00 97 06769 9090 06097 09ζοοι
81,06 00066 19486

9

0

0

0

9

6

9

9

, 9
-9999699 0799006. 0 6 099906 - 9979
6

6

9

9

9

9

9

9

p . ‚ ' 2670 Apr. 10 mos

, ' 2490 Jul. 19 22,264
001. 27 61 ,689 2409 Oct. 27 26267
Dec. 66 51 ‚658 2827 Dec. 661 22222

0779096. 0 6 960697- 69906,70 Γ769066 06096οΤ0- 697
066.οο 60660 0790 Ιο69 00 96070 -
000. 09 60669 07,οο 060. 09Ι 96 090
06697 60690 0699 oct 97 90969
110066 64,667 16,66 00066 24,908

 

