Tabulae X, 80331 la 11117773.

1751111. 01135513501-11533117 1730111. 1111731337 -11515
11110 55333 3333 11110 33030 5
3351 111. 10 33300 5
33,οι 01137 33713 50

81,48 Dec, 66 26,147

-14 56 47,25 17611311. 014 8729, 427 -14 591
46,64 111310 29,461 1
46,01 Jul. 19 29,504 1
45, ’85 Oct. 27 29, 554 1
44,66 173366 29, ’618 1

’ 1 -1157 0,51 1733111. 0113733333 -11503

1758130. 01487 5,015

17541311. 01487 8,012 -14572659 17641113. 1148740055 -15 01
Αρι. 10 7 919 25’ ,94 Apr. 1· 40, 158 1
11119 7,822 2588 1111. 19 40251 1
Oct. 27 7,722 24, 76 Oct 27 40, 850 1
173366 7,619 24,28 170066 40450 1

17561111 0113710918 -11571001 1735111 0143743703 ..150 01
101. 10 10, 889 89 51 Apr. 10 48,807 ⁶
10119 10 785 8936 Jul 19 43'905

3867 00137 41301
173366 10,527 8884 173366 44094

17531111. 11113713 351 -11575135 171111, 0111747114 .151
11110 13710 531,17310 47111

01
1111. 19 18, 650 58, 58 111 19 47, 582 1
Oct. 27 18, 554 58, ’87 03327 47, 514 1
1733 66 18, 462 58, 28 1733. 66 47, 691 1

17571111. 01137 13 733 -1153 300 1737111. 0113750057 -15 1
p 335 1111 51030 05
3’37 111 10 51003 5

03127 16586 8,96 00827 51,155
9,11 173366 51208

1753111. 0113710770 -11533135 1733111. ί1,111751,133’ -15 11
111. 10 10711 3135 111. 1 51330
111. 10 10353 35, 10 111. 10 51537

00127 19,611 25,42 03827 54596

1750111. 0113733371 -11531133 1730111. 0113757 0031-15 1
10110 221841 1138 1171. 10 67 916 ⁶
111. 10 33317 1311 1111 10 57031
0337 33333 1335 01137 57310
173366 22797 4820 173366 57908

1
1
173366 19572 25’80 173366 54616 1
1
1
i

 

