Tabula v111.

1700. ·

lagu! ΜΒ 1990 19991) laga Ε

ΜΜὉῊΜΜΜ

9.. 9 99999. 99999. 99997. 99999
99 99999. 99999. 99979. 99799
99 99997. 99999. 99797. 99999
99 99997. 99999. 99999.

999999 99999. 99999. 19979. 99999

20 933oe- 0,10801 1,20991 09968
ml 997571 0,180611,29881
11 9111961 0,22891 1,26821 0,5180
21 9,09711 0,25681 1,26901 998981
81 896661 096721 1,26181 0,66801

ψ. 10 896061 096281 199151 om·

20890291 094601 19068 ,20681 190961
092021 1,16561 1,11121 9,5169
0,18951 1,08861 ¹,18619

015961 098251 198901
0,18721 om· 197501 ,

80 891101

99 99 79999
99 99999

80 88198
Ι9991. 9 99999
19 9,1991
29 99918
'ut 9 99285

19 99999
99 99999
9., 9 9’9971
9 99

Ἥ 88ῗῖ

97 99999
>a 7 99999
97 99999

27 99888
091. 6 9,7062
16 99897
26 9,7662
>99- 6 97822

16 98080
26 99829
86 99661

0,12901

1,1876

08268

-· ω
899}

89189

9135oe

-ὅ,99

99199 , ,

99999
99999

05079· 192909· .

098921 991011 180611 ,
190881 ,
198881 ,

196011 ,
191691 ,
196521 ,
0,·11981 1,1807 ,

919999. 99999
99999. 97999

omn 09112

091951 19886
99799. 99999

94989· 19288

99999. 99999 ,

0,60991 19669

092161 19682 ,
092981 19672 ,

091891 19829

99979. 99999 ,
99997. 99999 ,

097291 1,0966
096781 09220
099751 09261

08960· om

99979. 99797. 99999

0977810,

919999. 99997 ζ

 

