’1911919 vlu

1810.

lag-A 1003AE 11910 11911) Lnga Ε

&mmmmm-*ww

Ι. 1 018651 091851 0509211 19999
38οΖ 3082 {ff
091231 1181811 01878
095811 015691 01091

0968111 lma 09971
096981 0218811 08268
097161 026821 05186
097601 026901 0277511
097111 0261911 056281

0969911 0211511 081171
096281 13⁰6& 000171
095111 015561 011181
0911611 008851 018621
098511 0982211 028911

092751 088891 027511
092191 0586811 029691
091921 090151 080611

11 9191
11 91119

911 affl

20 01801

“11 101
21 08127

81 08557

pt· 10 08968
10 01876

w 01787
11. 10 05201
20 05611

80 06020
ι’9 06110
19 06779
29 07121
l. 9 07138

19 91111
19 91911

911 91191
11 91191
11 91911

»a 1 91991
11 99199

,91 3110

16 09578
16 09710
0116 99907

16 oms

091981 08570
092861 Ι07285

098001 09117

098821 00889

091781 01196
095611 01809

096881 ww

096951 02519
097251 02661
097211 02682
096921 02572
096811 02821

095161 01920
0911111 01828
098861 00169
0928611 09221
091511 07259

0910811 08286

080881
1388!-

026011
0216811
0155011
006821
09181 1

020910a
91999
91919

11111
11119
11999
11111
18880

08087

090881 0071611 08056

99111. 91119.

18988

··· ω
01862
07878
09181
00888

01852
02111
02818
08898
08905

01862
01776
05151
05502
05821

06128
06101
06667
06915
07150

91119
91511
91191
91999
91191

91119
91911
91919
91911
91999

,91114 ,
91119

09111
09517

09677

09808
09925
00111

619

0,oe 1

919
919
919

919
919
919
919
919

919
919
919
919
919

919

000 ’

919
9,9ο
919

4 001
4 001
4 001
4 001
4 001

-1-001
4 001
4 001
4 001
4 001

0,00 ’

000
4 001
4 001
4 001

4 001
4 001

4 001

 

