9999199 x. 9999. 11. 9 999999.

99,·’999 91499969999981993 9999999 9919997993 9989

’91 (118 86811 10'17 991. 99·
99999 99999 99ὀ9 99999 99999
999 99’191 11 99 99999 99999

9999 99. 9999999999 99999999 9991999 9199590,109 ÷1991
“519 ἓξὲξ 9999 99999 99999

20,oe 09927 50,814
20,87 09966 50,898

1772199.11935263610 ÷10198‚9o 17821991. 0198558222 ÷1o⁵9
' 2210 Apr. 10 58,808 .
99113 11119 99999

2936 09966 58, 554

9993 99. 9999999999 99999999 178311T 0199599,991 ÷199T7
9991 999 99 99199 ι
99 99 999. 19 99999

099. 66 56, 721

9999999. 0199990997÷1011199 T 1199999‚919÷109
Apr. 10 80,647 44,52 119910 59681

9999 111- 19 69‚71o
9999 99999 ,
4399 99999 Ι 99999

1775 ,199 0198588270 91045940 17851999. 01986 2691 4106
Apr. 10 88,188 50, 88 Apr. 10 2762
Jul. 19· 3³‚110 50, 21
09127 88, 087 49, 55 091. 27 2 886
099. 66 82 968 4884 09966 2940

———

1776'.Jan 1198585,8,45-Ι-1045720 17861991. 01986 5‚778÷106
Apr. 10 85 780 56 47 Apr. 110 5829
. ,119119 85 722 55 72 19119 5872
54,94 091. 27 5908
099. 66 85, 625 54,15 09966 5 ,987

9999999 9999999999 ,9999 999 9999999 91999 9999 Ἶ9999
999 99 99 999 999 999 10 9’909
999 19 39 999 ο’99 999. 99 9’991
99999 99'997 0‚1⁵ 99999 9933

099. 66 88 880 459 86 099. 66 8,888

99998881399398-88923 9999 999 W193611‚689 ÷106

÷106

 

