Tabula vm
1025.

19911 119911 11990 1103AE Logsr Ε

ww-wwvww

’911 0 99915 ,

10 96778,

99199
99119
. 99199

9,6928
’ 99106
9,7266
9,7110

91551

. 99696
99861
99018

99999
99999
91119

99117

89117
69182

892029

95991
99919

99811
99602

. 99199 ,
99999 ,

99688

Iun. 9 99780 ,

19 99988
29 99179
1111. 9 99868

19 99622
29 99670
Aug 18 98818

69999. 19999
097289 lm
19919. 19979

196699 19096 ,

19999. 99991
1999119999
19999 95191

196909 997699
1961991 0962899

1911691 0911791
lma 1911179
Lffiffin Lssfflu

1,0885· 198629 ,
0982291 198919 ,

098889 1976111

95991. 19999 ,

9901091 1906111

,8028 09672 190829

99 99911 ,

99991 99999 ,
17 0'0171 ‚

x 99 99911
99 9 69999
19 99999

27 09181
Nov. 6 0‚o575
16 0‚0678

9999999ζ
19199 99999,

19 moso ,
21 o‚1151 ‚
⁸⁶ 0067 ‚

0,7235 1,2882=

99119 19999.
19999 19199.
19199 ,
11999 ,
19919

19519 ,
19 ;
19672 ,
mu

19920 ,
19828

1695
÷ 096
-ι- 0,oe

 

