99995
95599
99995
99594
99555

99955
93955
93959
93959
93495

99599

’ 93599

93959
99555
99999

99595
99599
ν99995
99559
Ι’99995

99455
99599

. 99599

99955
99949

99994
99559
99599
99955
99995

99455
99599
99555
99599

. 09842

09964
(mons

99555
99559
99459
99599
99959

09555

99999 ·

09290
09450
09805

99995
99959
99499

099

0,4719
054984
09157
0,·5941
09945

99559
99959
99995
99545
99559

94599
99595
99599
99995
99595

99459
99555
99954
99559
096536

09683
09761
09772

1985655

0988055

09546

09224, ’

99555
59995

’ 19193

59995

59999.

59559
59554
59599
59559
59994

59959
59955
59455
99959
93559

09201

09473 n

Ing-A 11³3.ss Log.C hogv'lnga E

wwwwww

0‚5109‚n 172998
0907655 19769
0972855 19494
1981655 19676
195705 19091

999 99
695593 39199 9,
1969055 998589
1961855 0968055 ,

1341555 0944655 ,
1306855 19114654 ,
1955755 1911955 ,
imin ‚
0,9826u 1389055 ,

0984455 1975055 ,
1996955 ,
9910955 1906155 ,
1903355 ,
1988355 ,

1960155 ,
1917055 ,
19563· ,
1968655 ,
0943555 ,

599

99952

99144

094645 ζ

09900

99995 ζ
99999 ,

19444 ,

59599

,5,5455 ,

59555 ζ

mm
153038

00οε iffi ³

4 697
4 097
4995 ÷
4 0‚07
4 097

4 097
4 097
4 096
4 096

¹ 4⁰‚o6

4 0,06
-5-096
4 096
4 096
4 096

4 096

- -5-096

4 096
4 096
50»οθ

4 096
4 096
4 096
4 096
4 096

5-096
4 096
4 096
4 096
4 096

-5-095
5005
4 095
4 095
9006

4 096
4 096
5999

 

