'rabulae X. 8661, lv. 65 Μ

4646144. 6156 4554 146 664 54 6656 6 15166554 1466,-
Αρῐ. 10 2198 61,04 Apu 86,οΰ 2
5665 56 6 66455

664514Γ6 455 65761167 545 ’6655541 6 44546546 166 64
· 11 1661583 1
564 6657 46767 4

, 666 64466 46655 5

1818166. 42611,460-1-16718,88 18281455. ¹ 4264724611684
ffb 11866 14,20 4.·1 41,818 2
³⁸⁸ 11ῧὲ &Ab 11111 A

16,66 ·· 47,469 1

..9........-...-.....--

182411464 1 42660886 4161!

5566 Apu 56556 5
2441 16119 60962
’ 26,06 011· 60971
26,76 116666 5⁰‚981

. 42617868 -1-16 78889 1826166. ⁸ 42664409 4168¹
84,10 Apr1 64,418 ⁶
84,84 16119 64407 .
86,60 06127 64890 5
86,89 06666 64866 1

181611111 142521,÷259 167AA‚00 1826Jan. 6 45557664 1665
41146 54574 4575 411461 57775
111 19 54556 45’56 11119 57 754
6657 54656 4667 6657 57664
64466 51565 47 46 64466 ⁶⁷‚621
5

Apr. 10 24 ,824
Jul 19 24, 878
Oct. 27 24, 989

111 45 56566 ,
66. 57 55656 -
6516 66 56744

8 · 7
4645541 6 45565665 1,,4666555 46555Γ4 6456 7665 46655
66 55 655 45 «
6657 55457 4657 61457 {⁵9³3ss

Dec. 66 82629 17,21 06666

 

