Tabulae X. 89911 α Canis majoris.

1199119. 9 891 1919 -18199199 1199119 1 89191999 -1911
19919 9919 9119 191. 1ο 99991
· 111. 19 9991 9999 19119 99919
9911· 9991 9191 9911 99911
91999, 9919 9991 99199 99911

1191119. οΙ 99111991-19199999 1191119. 9 99199991-1911
191. 19 11119 9991 191. 19 99999
. 11119 11999 ·19,19 suu. 19 99919
91111 11191 1199 9911 99119
99999 11999 1119 99999 99119

1191111 1 99119991 -19191999 11911119 9 99199991 -1911
19910 10818 46,88 19910 80860
Jul. 19 19991 1199 Jul. 19 99911
9911 19911 1991 9911 99999

. 09966 10655 4058 099669 80056

17581911. 0 68410820 -162852,59 17681919 0 68141676 -1621
19910 10257 5006 19910 40718
Jul. 19 10190 5016 Jul. 19 41828
09127 10118 5080 09127 41900
09966 10042 · 5108 09966 41979

1191191.999119,111-191999,19 1191191. 1 99111999
191. 19 19999 9919 191. 19 11919
191. 19 19999 9999 111 19 11999
9911 19119 9999 9911 11999
99999 19999 9999 9999 11911

19910 20978 078
Jul. 19 20889 057
09127 20806 081 09127 40766
09966 20728 2,08 09966 40889

1199191. 1 99119991 -1911999 1191111 9 99199199 -1911,
191. 19 19919 991 19119 99999 .
Jul. 19 19999 999 191. 19 99999
9911 19191 991 9911 99999
99999 19999 199 91999 99911

1191119. 999119,191-19919,99 1191199. ο 99199911 -19111
119919 19999 919 191. 1ο 99999 ‹
Jul. 19 19919 199 Jul. 19 99111
9911 19911 199 9911 99191
99999 19919 999 99999 99919

17581911. 0 68420181 -16241084 17681911 1 68450155 -16241
19910 20184 1009 19910 50187 ·
1111. 19 20095 081 1111. 19 50211
09127 20062 051 09127 50228
09966 20087 7,70 09966 50288

1199111. 0 99199999 -19111111 1199111. 9 99199919 -19111
1991199999 1199 191. 19 99991 1

19119 11911
111. 19 11991

17551911. 0 68421,058-1624 08111911 0 68440584 -1624,

19. 19 99999 1991 111. 19 99991
9911 99991 999 9911 99911
11999 99991 991 91999 99999

 

