Tabula vlu.
1793.

,116911 11698 Log.0 ·Log.D Lnga Ε

vavwwwv-evv

1111 6 616111 69111 616991. 19996 - ω ·-ὅ,61
16 611661 69666 696111 19196 61661 -691
16 19196 69665 691161 19115 61616 -691
66 69616 69566 196111 11611 69161 -691

6619 61116 69696 115691 11696 99666 -691

19 8,8851 0928ss 1‚2098n 0,9970 9,1352 -0,01

Mart. 1 8‚9774' 0,9198 1113811 011266 93141 -0,01
11 9‚0459 0‚9136 1,2682u 0518& 9381& -0‚01
21 2101ss 0,9108 1‚2690n 9280811 9,8393 -0,02
81 9,1516 09115 1,2619 6 (16629 u 9,8905

11116 91995 69156 191161 691161. 91661
16 99116 69111 ,116661 196111 99116
11. 13· 311ἓὲ 3:333} 1ῑέἓὲἓί 111112 31131
20 9,8967 03165 0382411 1189111 9,58211

66 99166 69516 696111 11161. 99116
sun. 9 99916 69566 ,6,56161 119691 99161
19 99699 69511 996161 196611 99661
19 99159 69561 69561 196661. ,99916
161. 9 99116 69199 61161 116611 91156

19 99166 69119 69115 196661 91916
19 99161 69616 19961 111661 91595
Aug. 6 99916 391οὲ 11191 115611 91191 ·
ἐξ 3:333} 61111 1ὲὲἓὲ 131112 31ῗέ

9191 91111 69691 · 11619 691161 99611
11 91569 69616 19661 691566 99511
· 11 91666 69191 19661 69966 99616
661 91661 69661 19511 69666 99661
11 91916 69651 11611 69616 99966

· 11 99651 69911 11919 19116 99161

. Nove 99161 69666 19611 11111 Ι99116
16 99611 69695 19166 19699 99111

-16 99519 69116 69111 19611 99611

616. 6 99165 69111 61166 19666 99611

16 99911 69611 69116 19661 99666
16 99169 69111 691616 19656 99915
16 99161 69169 691661 19961 69611

 

