Tabula vul.
1704.

bugd ΜΒ LogAE' IAM> laga Ε

Μονυνονονυνανοννννν

ιιι 1 199191 1911 191191 11991

11 7,01681
21 &472⁷
³1 &⁷995
ffek. 10 amm

11 91191
11111 91991
11 99111
11 91199
11 91111

1111 119
ω 114694
111 191

10 96096
Im. 9 95280
19 96614
29 96969
[ul. 9 93291

11 99191
Nor. 9 99991
19 99191
19 99991
Det. 6 999θῦ

19 11111
19 11111
19 11111

122 0,807411 12789

omn 0972711 13116
omn 1,081611 1,1876

omn 1,167011- 1‚1o92 ,

omn 1,2o94u 0,9966
0,96801 1246811 08664
037281 13682· 0,6160

19119. 199911 99911.
191911 119111 19911.

0396882· 1,94161 omn
0‚9620· 1,2068u 1,00461
0366611 1,16661 „uma
094191 1,088611 ·1,18611

omn 09826· 1269011 ,

19119. 11119. 191911

0922111 0687811 1396911 ,

0919711 9‚9097n 1,606111
191191 19991 19191.
09914411 nam 1‚2882u

0‚98102· 0‚9112 13601·
0‚9894· 1,0885 1,2169n
0‚9487· 1‚1198 1‚1552n
0,967711 1,1808 1,06841
0966611 12239 0,9484a

0,971411 19618 omn
0,an 1,2664 ,
0974811 19682 ,
037101 13672 ,
0,96691 lm ‚

096761 1,1919 ,
osma 1,1322 ‚
0367811 1,0466
omn ⁰‚9220 ‚
0‚9197· 0‚7252

19119. 19119 ,1119

Ι091671 oman 16066
091621 064061 ww 1

-ὅ,11
-1,11
1,11
1,11
1,11

111
1,11
1,11

-1,11 ,

..1,11

-1,11
-1,11
-1,11
-1,11
..1,11

1,11

, 111

1,11
1,11
1,11

000

 

