Tabulae X. 818111. α Herculio. x

177011111. ο 17111899 11116 181 1781111. 10188889 11189
Apr. 10 11, 000 792 Apu 10· 86,·731
91⁹119 11988 819 9111· 18788
88197 18998 999 08197 88818
08866 10 ,869 996 08866 36912

1771711, 817118818 11119 191 1781111. 1117189818 11189
’ 8ζ81 ,91119 11111 ·
699 08827 89832
7,60 08866 89910

1779188. 1 1711811811119 988 1789 911. (11711981911189
Apr. 10 16‚042 ³‚17 Apr. 10 42692
111. 19 18981 888 111. 19 19779
81197 18881 1,19 00:127 19881
08866 1590) 4,51 088. 66 42986 88

17781811. 017418,557 -1-148959,59 17881111. 017445,688 -1-1438
1191810 18, 472 59, 92 Apt. 10 45920
Jul. 19 18,386 40 0,18 111119 ,
08627 18 ,800 0,86 oct. 27 45981
088. 66 18 214 0,47 088. 66 45959

17741911. 017 420972 -1-14395595 17841811. 117 448,662 41438
Apr. 10 20986 55, 71 Apr. 10 48 ,739
Ju1.19 20803 55,69 11119 48912
08827 20922, 55 59 08827 48982
088. 66 20,644 55 41 088 66 48948

1775111110 17 423999 -1-14395099 1785 ,11111 017 451655 -1-1488
Δρ7. 710 23923 50,46 Apr. 710 51718
11119 28952 50,16 111119 51775
01:127 23,186 49,79 08627 51,827
088. 66 28925 49 ,85 088. 66 51973

17761811.117425874-1-14394472 17861911 017454,588 -1-1438

17771811 0 17 428, 427
1401210 28, 395 p
Jul. 19 28, 371 36, 50 11119 57 ,462
001. 27 28, 855 35 ,76 081. 27 57, 463
088. 66 28946 8499 088.· 66 57 456

17711111 1317111037 ,111898117 1788111. 1 178 8188 11188,
{⁰9⁹2} 11171 9887 11119, 6188 ἶ

81‚089
088 66 81,109

1779918 81718888ο1111899971 1789111 8178 9888 11188.
Apr. 10 88 888 9198 1,) 10 9798
911. 19 88 888 91, 18 111. 19 9719
001. 97 88991 91188 ο8197 9898
98888 88989 1988 111888 9887

 

