Tabulae X. Sect. 1. 0 Ursae 516110νί5.

. Aramum& neck

-508 4 500

-0014 510
,-0,014 500
-0014 530
-0014 540
000 550

000 560

, 000 570
080 000 580
090 4001- 590
100 4001- 600
110 4001- 010
180 4008- 680
130 4008- 630
140 4008- 640
150 4008- 650
160 4008- 660
170 4003- 670
180 4003- 680
190 4003- 690
800 4003- 700
810 4003- 710
880 4004.. 780
830 -1-004- 730

840 4004- 740 ,

850 4004- 750
860 4004- 760
870 4004- 770
880 4004- 780
890 4004- 790
300 4004- 800
310 4004- 810
380 4004- 880
330 4004- 830
340 4004- 840
350 4004- 850
360 4004- 860
570 4004- 870
380 4004.. 880
390 4004.. 890
400 4003- 900
410 4003- 910
480 4003- 980
430 4003- 930
440 4003- 940
450 4003- 950
460 4008.. 960
470 4008- 970
480 4008.. 980
490 4008.. 990

*ww-mm

000 500 -611 4605
010 510 -0,17 ÷⁰‚01
050 500 -0,17 0,00
050 550 -0,17 -0‚01
010 510 -o,17 -0‚02
050 550 -0,15 -ο,05
050 560 -0,15 -0,04 ’
010 570 -0,11 -0,05
000 550 -0,15 -0,05
000 590 -0,11 -005
100 500 -0,00 -0,01
110 510 ..001 -o‚07
150 550 -ο,05 .-0,05
150 650 -0,05 -0,05
110 510 ..0,01 ..0,05

150 550 4001 -0,08 .

160 660 4003 -008
170 670 4005 -007
180 630 4007 -007
190 690 4009 -007

200 700 4011 -0,ο5 ’

810 710 4013 -005
280 780 40,14 -005
830 730 40,15 -004
840 740 40,16 -003
850 750 40,17 -008
860 760 40,17 -001
870 770 40,17 000
830 730 40,17 4001
890 790 40,17 4008
300 800 40,16 4003
310 810 40,15 4004
380 880 40,14 4005
330 830 40,13 4006
540 540 4011 4005
350 350 4009 4007
360 860 4007 4007
370 370 4005 4008
380 880 4003 4008
390 890 4001 4003
400 900 -001 4008
410 910 -003 4008
480 980 -005 4007
430 930 -007 4007
440 940 -009 4007
450 950 -0,11 4006
460 960 -0,13 4005
470 970 -0,14 4005
480 980 ..0,15 4004
490 990 -0,16 4003

 

