Tabulae K sect. 133 Pegasi.

175( 333. 3313136433 48313133 3333343. 3313141333 ,43831
Αρῐ. 10 20,508 69 90 Αρῐ. 1· 48,806
91119 33333 33 333 911. 19 43’333
33433 33333 0'40 34 33 43 ,333

3’33 nec 33 43’333

1751’1333. 0“,225228517 418521970 17611333. 0225251820 -3-1855
·. 19,88 Apr. 10 51849

3333 343. 33 33333

19,92 03127 51428

19 87 Dec. 66 51479

3333343. 31333333333433333334 3333344. 3333334433 4333“““3“4
433 10¹ 33334 3333 433. 33 34 433 .
111 19 33 333 3334 44. 19 34 333 .
3433 33333 3334 33433 34333 .

. 8887 03366 54,690 .
3333344. 3333333333 433333333 3333343. 3333334344 43333
Apt- 10 29,188 57,85 Apr. 10 57,722 1
. ‚ 3333 11. 19 33333
. , 3333 333. 33 33333 .
03366 28966 56,15 03366 57972 ε

3334344. 3333333333 ÷185315‚48 3334344. 33333 3333 433 33
1313 188

33333 33343

33333 33 333 3333 34433 4333

17551333. 0225284627 -3-18588274 17651333. 02258 4,224 -3-1856
· 4p1.1o² 84588 8218 Apr. 110 4814 ⁴
131. 19 84488 8152 14119 4,4’8
03127 84844 8089 03127 4,491

8025 03366 4,577

, -Ι-185849,66 17661333. 02258 7,526
48,99 Apr. 10 7,610
48,84 Jul. 19 7,690
47,69 03127 7,766
47,06 03366 7,887

3333 3.. 3133 3333333 ÷1354 3,4”3 ETW 33 43333 433 57:
433 10 33 333 334 1pr.10 33333 1
911. 19 33133 334 44. 33 33333 1

03127 89 681 4,67 03127 10978
Dec 66 89 616 4,12 Dec 66 11,027

-—---.—

1758133. 0225242615 418542848 1768133 1225818990 -3-18574
Apr 10 42, 554 22 ,96 Αρῐ. 10 14, 084 ⁴
14119 42,501 2248 Jul l9 14,o71
Oct. 27 42456 2204 03127 14, 100
03366 42,418 2165 Dec 66 14121

‘11'44152272441404 413544096 3333343 3333333334 43333
Apr. 10 45, 875 40,60 Apr. 10 17,109
343. 19 43 333 40'99 333. 33 17'116

03127 45885 4008 03127 17,115
113366 45828 89,88 033663 17,105

 

