Tabulae X. 8091.st α Serpentis.

111999. 9199999119 1 3 9’1’9,99 11999999 1199999119 19 9
· 19119 99111 1110 11119 99199

99 19 99191 1919 91. 19 99999

09191 91191 1919 001. 99191

9., 99 91190 1919 91999 99991

17711111. 01638 0964 ÷ 7 987‚67 17811111. 919999911911 7
99910 0,806 3893 Apulo 2992!
>111 19 9749 89,17 Jul. 19 29099
00927 9669 3990 00127 29‚179
Dmefi 9592 40,oe 99966 29968

’ 111999. 11999 9191 11 99911 1199199. 019999919111 1
1119 9191 9919 · 11919 99191
991. 19 9199 9919 9119 99191
99991 9111 9099 09991 99111

Ι999. 66 3924 5099 Dec. 66 32930

1119 919. 01999 9199 11 91919 119999. 919999911111 1
11910 - 9199 1919 11119 99199
19. 19 9119 1911 99. 19 99199
0191 9191 9911 09191 99199
99999 9199 9019 09999 99199

1
-——-—.-

1111 an. 91999 9999 119 919 1191999. 119999911111 9
11919 9119 919 11919 99199
991. 19 9991 919 sul. 19 99,971
00197 9,919 919 99991 99119
09999 9191 919 09999 99119

111999. 919991119911 99119 ἶ19999ΠΓ991Ῑζ9191 19

9119 111. 19 19907!

9119 191. 19 199991ι
19191
19119

9119 99991
9911 Dee. 66

1111 99. 19 19199
1119 99991 19119
1911 01999 19199

199Ἶ1999191191 1 9
9119 11919 191991
9111 9919 19101
9019 09997 48205
1 . ‚ 9911 99999 19191
1119 919 1315199 13}ss 1 1 91911 119999Ῑῖ 19 9991111 1“1“9”
99919 191911 ’ p‘ '
0991 19119
Dec. 99 19191
9 9
22, j

1776Jan. 1199911191 11 91919 ῖ1999ΠΙ199919191 11 9
p 44‚83 Apr. 10 45‚149

 

