Tabulae X. 8661Π. α Aquilae.

4446444. 6466661666 ÷ 6664664 mo'm 44446” 4666 ÷2 644
4464 44446 4666
4666 46. 46 4664
44,44 64444 ,4446
44ζ64 644 66 4646

4 4 ,
4 ‚ ἓ
. ‚ 4 3
4444444 οἱ 4464444. 4464644 466 ÷ 646
44446 46466 46’64 p. ‚ .
Jul. 19 46 646 4464 444. 46 44664 ;
64444 44666 4464 64444 46 666 ,
Dea 66 44, 876 16, 89 066. 66 15,113

. 466644666 ÷ 6444664 4466444. 6464646660Γ 646
661 16 436454 44 44 46 46 46 464
64444 44 664 ,
066. 66 47,528 23,33 066. 66 18 ,269

4446444. 4466666446 ÷ 6446446 44661444 6464644 464 4 646
444. 46 66446 64ζ64 44446 44464
mm mm ml mm nm
6664 64444 44646
Dec. 66 50, 258 29, 35 Dec. 66 21, 340

17773644. 0193953,201-6-81738,45 1787166. 0194024260-6- 819
Apr. 10 53161 37 65 Apr. 10 24 284
36 85 Jul. 19 24300

36,06 06127 24308
066 66 53089 35,28 06666 24308

17784366. 0193956Ηο2214-8174438 1788666.1194027,238-Ι-819
Apr 10 56 ,012 43, 61 416610 27 ,232
Jul. 19 56009 4266 Jul. 19 27 218
06127 56 014 42,15 061. 27 27, 196
066. 66 56 ,027 41 ,46 066. 66 27, 165

4446444. 6466666664 66Τ6ο66 4466444. 4466664464Γ 646

4444. ,461 66644 4666 444. 46 66666
444 46 66 666 4646 444 46 66646
64444 66664 46 66 *oct 44 46646

64466 66644 46, 44 6644. 66 46646

 

