9339393. 9943834339 938383839 933939. 9913891393 9319319
939. 99 39399 3333 Apr 10 45'145 9
399. 99 39399 3333

9933 39393 39, 93

900. 33 39393

9339393. 9933339333 93339 393 1151141 9933339393 93339Ξ
. 66163 66666 ’ 939 96. 99 39333 ’
9333 39399 933 9333 39339
39933 39ζ333 333 Dec 59 39933

9333939. 9933333393 93339 333 93331333. 9933333993
Apr 10 5328ss 890 Apr. 10 5291ss2
941. 99 33333 933 33. 99 33333
9933 3339 939 9933 33333
Dec 66 88,179 10,48 113366 52623

9333993. 9933333333 933399333 9333993. 9933339339 933399
119310 85,177 18,51 Apr. 10 54,687 “
mm 33 me mm 33
9933 33333 9933 9333 39399
Dec. 66 85,081 14,54 113366 54858

93391393. 9933333339 933399333 9339939. 9933333333 933399
313310 87,011 17,45 Αρῐ. 10 56‚927 ¹
911. 99 33333 9339 399. 99 33333
9333 33399 9333 3933 33393

03366 363827 17,65 113366 57,108

9333933. 9933333333 933393993 9333993. 9933339393 933399
939. 10 33393 3933 939. 99 59117 1
Jul. 99 33339 3933 Jul. 99 39333
99. 33 33333 3939 004 33 39399
99333 33339 · 9939 93933 39339

9333993. 9933399339 933393339 9333399. 99333 9339 933399
Apr. 10 40,611 2225 313310 1,417 1
999. 99 99339 3939 93. 93 9339 4
00121 99399 3933 9333 9393 4

1

03366 40,439 .20‚82 83366Ι 1,564

933333. 9933393333 933393333 1333333. 99339 3333 933399
1118 61ἓὲ 611 11· 13 1311 ‘
6333 93333 39ζ39 ouem 3ζ393
99933 93393 3933 Dec. 55 3333

9
4
1159111. 9933399339 933393939 1363333. 99339 3393 'ssa-91]
Apum 44,.801 2845 Apr. 10 5772 4

969. 99 99399 3333 399. 99 3399 1
0c4.27 99393 3933 9333 3399 9

v Dec.66 44320 2197 03366 5822 9

1759Jan. 0¹192945,954 9339393933 9339339. 99339 3399 933399
Αρτ. 10 46‚236 2350 113310 7‚855 ⁶
111. 19 93333 3333 sul. 99 3333
9333 93393 3933 9333 3333

03366 46214 ’ 2084 3366 7,842

 

