Tabula v111.
1750.

1103AE 1203AE lugd) Logd) laga Β

ΜὉΝΜΜΜΜ

99999 99999. 99999. 99999 -00 Ἷ9699
90698 00682· 080769 10789 8,0062 4-0,θῖ
99999. 99999. 99999 99999 Ἶι9,91
, ,999999 99999. mave 99999. Ἶι9,99
007009 10671· 1,1091 90080 4-0,07 ·.

000789 100909 0,9967 9,1862 4-0,07
0019699 1008899 00960 90100 4-007
009909 10682· 00178 9,w1s.„÷oo7
0009899 10690· maso„ 90898 40,oe
007669 mian 00600· 90906 4-0,06

om· 1001599 0000699 9,0062 ’4-006
0,(705891 1016899 10006· 90776
9910099 1056799 101129 90160

w 9‚7869n 1080699 1086199 90602
9000299 0,982699 1009099 90820

8026699 0000099 mma 9‚6128· ‚
9‚1665 0‚5880¹· 1096999 90000
90000 9011099 1006199 90667 ,
90082 00606 1000οπ 9,6915ς ,
96061Ι 00220 1088099 9,715οἷ

90802 0,9111 1060199 9,7070 :
90001 10006 1017099 9,7585
90080 10198 1066οπ 9,7787
7,6161 10807 1068599 9,7980
891769 10908 0,900699 90160

9,11269 10616 000789 90802
908889 10660 , 90519
8081999 10682 , 90676
80682 10572 , 90880
90670 10880 , 90986

9,7800 10919 90100
99102 1, 1821 1, 1016 90976
00081 10066 Ι 10100 90010
00068 0,9219 10575 90507
00017 0,7260 10880 90677

99999 99999 99999 99999
99999 999999 99999 99999
omo 999999 99997 99999

3⁵

Ξ

ξ ’ἔ

,-

εἰ

ξ’

-ΞΓ

ξ’

0
10
20
80

9
19

1
11
21
81
10
07
0)
10
0)
w

9
19
29

9
19
19

8
11
18

7
17
27

7
17

ξ.

ama {2230ss

 

