Tabulae X 86611. 6 Geminam.

1750Jan. 6 616 6611 6916661161 11661166 1 11611619 16611
Apr. 10 0,178 1765 Apr. 10 84645
11119 6611 ,1161 11119 11661
6611 6666 1661 6661 11116

, 66666 6611 1161 66161 11161

111166 6 116 1616 Ἶι9616 666 1161111. 6 1161161166111
61 16 61 611 ⁸⁵
66111 1616 6ζ66 66111 66661
66161 1616 111 66661 66116

1752166. 1 780 7666 -6-28855761 1762166. 0 78042610 -Ι-2884ἐ

Ι Apr. 10 7698 5766 1166. 10 426199 1
Jul. 19 7621 5667 Jul. 19 42698
06127 7686 5644 06127 ’82692
06666 7648 5667 06666 42697

111166. 6 11616669 6661616161 1161 Jan. 6 11616611 616111
61. 19 16616 11:11 111r 13 11:131 1‘
1169 66611 16661 1

4769 06666 46694 4

111166. 6Ι 11611619 Ἶ66111966 116166. 111616119
Apr. 10 18667 8961 ’ Apul 50668 .
111. 19 11611 1961 11119 16111. ⁸ 1
6661 11611 1161 66191 16616 .
06666 18614 40,12 06666 50696

1111166 6 11611619 1161111691 116166. 611611616616111
661. 16 11619 1161 16116 11666 1
111. 19 17‚119 1161 111. 19 11661 ⁶
00197 16696 6166 66661 11661 6
66666 16616 1166 06666 11616 1

1756116. 1 78020618 -1-28852569 1766166 0 78058619 -1-28841
Apulo 20610 26,17 Apulo 68610 fi
Jul. 19 20‚407 26,71 ἰ161. 19 58694 1
06127 20611 2760 06127 58671 1
06666 20621 2764 06666Ι 59641 1

a 1757166 0 78028644 -1-28851964 1767166. 0 781 2,711 628841
Apr. 10 28659 2061 116610 2,775 1
Jul. 19 28688 2162 Jul. 19 2680
06127 28,716 2266 06127 2676
06666 28657 2268 06666 2618

1758 Jan. 0 78027669 -6-28851469 1768 Jan. 1 781 6694 12114
16610 27616 1568 116610 6624 885
Jul. 19 27‚271 1667 Jul. 19 6644 ⁵
06127 27644 17,17 06127 6658
06666 27624 1767 06666 6652

1759 Jan. 0 78080628 42885 962 1769166. 0 78110645 -1-28884
116610 8⁰‚909 10‚72 Apr. 10 10687 4
1111. 19 80607 ,1161 Jul. 19 10618

06127 80615 1268 06127. 10688 1
06666 80684 1868 06666 10648 4

 

