, Tabulae X. 377511. α Pegaui.¹

1783 178⁰ 1220? 777553. nemea.

5531- 3,7 4 ἔ351-733 43 42 77732253733337 4735272375
555- 33 4 233 ..773 42 42 7777 53223557 53 35377
725Ι- 53 4 737 -727 42 42 7772 53253777 5355373
773- 33 - 335-723 4242 7773 53233237 53 75337
735- 33 - 733 ..723 47 42 7777 53373375 333337
737 4 23 w- 233 -77,7 47 42 777 77 372333
7554 53 - 337- 3,7 342 7777 , 332335
537 4 33 - 4 , 357277
578412’5- 5 ‘¹ 5 ⁸· 9 1109427
7374753 - , - , -· ‚ 723333
773357
2534733 - 2 3335
3374233 - - 227333
27714253 - 275336
73714233 - , 3 5373
735 4333 - , 327337
f 377357
3374373 - 7 3372
7754373 4 7374233 -3-7 7733 57753 722537
73314373 4 333 4273 -2 -2 7733 57733577 777377
7744223 4 777 4223 -2-2
323 4273 4 333 4233 -2 -2

592 424,ss 410‚80 422,ss -2-1 Diei reducto addendum 3317
821 4213 413316 4223 -1 -1
373 4773 47532 4233 -1-1 5575 3
237 4 33 47333 4773 3-7

35714 53 42333 4753 47 3
3824 1‚0 422,15413,0 41 0
3771- 23 423334733 42 3
3321.. 53 42737 4 33 4247
262'- 8,1 ÷24‚96 4 5,7 4347

7734-733 42537 4 33 43 42
062-1131 425314 0,8 43142
3734727 42557- 75 4342
3231423 425331433 47 43
533-723 42733- 53 4743

που-773 42733- 33 47ς43
777 -733 42337 - 37 43143
375 - 8,9 42216 -11‚1 ÷3'÷3

333. 1773. et Febr. annorum bissextorum legitur dies inseqms.

 

