Tabulae K Soet. V. α 11991114οΜ.-

19904110 011994119919119 1119 19401111. 1 19199949 19111
401. 10 48648 1,14 40010 23‚146 2
111. 19 49994 199 111 19 99949
0091 49499 994 09191 99994
00066 48822 2,59 09066 mla

’1091101 0 72947‚199 ÷121999,15 18411119. o 19491999 1991999
10010 Ἥ 00,Ξο . , ,

⁴ {3¹22}ss 44994 91ζο4 ” ζ
01099 49949 9119 , ,

1882110 1 72850,714·1-881450,27 1 .
4 r. 10 50,645 51,01 0 .
,19 50,586 51,77
00027 50,587 52,55
Dec„ 66 50,498 58,85

18881111. 0 72854851 4821445198 1848140. 0 72485,286-1-821188,
401. 10 54,819 46,64 401. 10 85,294 81
1111. 19 54299 47,44 1111. 19 85292 34
001. 27 54290 48,24 00027 85279 81.
00066 54,292 99,oe 000. 66 853561 30,

19941111. 0 19990199199144191 1944111. 11949909

40010 58441 4229 401. 10 89,074

111. 19 99991 4994 111. 19 99099 ·
04197 99991 4076 09497 99981 21
09499 99999 4449 09099, 99919 ²⁰

1999111. ο 194 99991199149991 1949111. 0 19444191 1911919
19110 9901 9194 10110 49919 1³
111. 19 9994 9999 111. 19 49999 12
00197 9990 9999 0091 49949 12
000 66 2805 89,85 Dec. 66 42455 ῙῙ

1999111. 11194 9990 199149191 1949111. 0 1944999119904
40010 6,201 82,40 401. 10 46928 ⁴
9999 10. 19 49990 2

9991 0991 49914 1

9999 04099 499991 τ

-1-82142609 18471111. 0 72449,778 -1-82121
26,85 401. 10 49,661 !
26,58 Jul. 19 49,541
, 26,64 00027 49420
, 2668 04066 49297

1199141999 19491111 1019499919 ,19919
1999 191. 1ο 99991
1990 111. 19 99999
1999 09191 99919
18,94 090. 66 52708

1999111. 0 194191991199141199 1949111. 01949999149919
1141 1 110 99999
1194 111. 19 91999
1019 09191 99999
1029 09066 56,167

 

