Tabulae X. Soet. V. β Geminorum.

5555555. 57516555 ,5252551555 55551555. 5758551555 ’
55555 99’669 9691 16113 55555
555. 55 55,·555 55ζ55 55556 55555
55555 55555 5555 55555 55 555
Dec 66 99 555 5515-555555 55 555

11111 1611 1161 115111 99:93
051. 27 66 ,804 62, 02 051. 27 86, 679
15566 66762 62 76 055. 66 66, 761

18626551 766 0,440 -ι-282624,66 16426555. 0 76666698 -1-2824
Apr. 10 6676 2611 Apr. 10 69, 444
6551. 19 6616 2688 6551. 19 69 479
051. 27 6268 2666 051. 27 66606
05566 0 260 27, 46 Dec. 66 69, 620

16666555. 0 766 6926 -ι-282619,04 mssa 0 76646199 -1-28261
Apr. 10 6896 1664115510 46209 ¹
2664 Jul. 19 46206
2646 051. 27 46196
2621 05566 46170

1991 ÷9995199o 55551555. 5 55555555 499991
5555 555. 5ο 55555 5
5555 555. 55 16'199 .
5555 55555 55555 ι.

1669 Dec. 66 46681

16666555. 0 76611616’-Ι-2826 8,.161 18466555. 0 76666686 -1-28261
Apr. 10 16666 696 Apr. 10 66619 1
6551. 19 16418 9,66 Jul. 19 66244
051. 27 11, 482 1610 051. 27 66161
Dec. 66 11, 664 1669 Dec. 66 66070

--.--- --ι--ᾳ -—

18666555. 1 76616216 -1-2826 626 16466555. 0 76666784 -1-28261
Apr 10 16291 2,72 515510 66686 1
Jul. 19 16676 611 15119 66687
051. 27 16 ,466 644 051. 27 66, 481
Dec. 66 16, ’662 670 Dec. 66 66, 669

--.--. .--——--— -——- .—

5.555555 ο55555,555,ἷ555555,55 5555555. 555555555 ,555555
5555. 55 55 555 55, 55 555 10 55 555 1
555. 19 595551 55 99 555. 19 96'960 5
061 97 19 555 5555 06197 55555 5
Dec 66 555551 55 55 555555 55555 5

5555555. 555555555 ,5555555555 5555555. 5 ,
555. 55 55 555 55 55 555. 555 5555
55ι 19 55555 55 55 555 19 o,111
061. 97 55555 5555 05555 5555555

Dec. 66 26729 4717 Dec. 66 69 886

186965Ρ55ῐ lg 76622ζῇἒὲΙ -5-282469,09 18496555. 0766 6606 -5-2826

651. 19 27, 696
05127 26701

555 55 55555 55 55 ,5555 55 5555

 

