191111 x. 1111111 a Lym.

1999 1999 1220? 11111 mm

mvww mm!

Ι11919 99 - ὅ99 -919 991 11991119199991 9919990919
19999199 - 191 -999 -1199 1191 19919111
19919119 -191-199-191 1191 99999119
1919 9919 - 999 -199 -191 1199 19199999
9919 9199 -1191-199 -9 91 1191 ξξζξὲἓξ
1199 ,
99919199 -1191-199 -9191 1199 99 19991
9,1919999-19,11-199-1Ι91 1191 so 99999
9919 9119 -1199 - 19 -9191 1199 so 99191
99 9199 -1191-19-1-91 1199 99 99119
, 9999 -1199 91,9-1 91999 99199911
1991 99119119
99119919 -1999 9 99 -1 91991 99119199
19359019 -15989119 -2 01001 30169162
19119199 -1999 9199 -. 91191 99199999
, 9119-11919199 - 91999 99999911

99119999 - 999 9199 -1 91999 99999911
19919199 - 9999999 9 91999 99199919
,19119119 - 999 9999 9 91919 99999191
,1,1199 19 9 9919199 9 9 ⁸

9919-119 91999 9119 9991 ante ¹1> 28 91
,2,181-169 91530 91891 191 post} ’θ’ {42
2299 -20,1 916919119 ÷2=÷1

mem. Jan. et Febr. annorum binenorufi'legitur dien insequens.

 

