Tabulae K Soet. [v. 9 Andromedae.

99999. 9919991999 991959911999 9999 4291
1110 99999 9999 1911 9999
99 19 99999 9999 99. 19 9999
9999 99999 9999 9999 9999
99999 99999 9999 99999 9999

1911 99, 9999999999 Ἶ99999999 9991999 ι9999 9999 9999
Apr. 10 88977 4691 1991· 9918
1111 9111 1111 1111 3113
09966 88976 4597 09966 9904

18 999 9999999999 9999 999 Flamma 4296
Apr. 10 41984 499 Apr. 10 12648
9. 19 99999 499 99. 19 99999 Α
ο999 99999 999 99. 99999 .
99999 99994 999 99999 19999 .

1818199. 0285844900 Ι92882897 1828199. *9915954 ms.
, Apr. 10 44908 2290 91991· 16982 ι
Jul. 19 44922 2297 111 19 16906
091. 27 48940 2199 001 ' 16978
09966 48964 2195 09966 16985

9999199. 9999999999 99999997 199 999 9999999999 9999
9913 995 55 13911 2
‚ ‚

0012? 46‚771 4092 ’09927 19989
09966 46921 4098 09966 19971

9999999. 9999999999 Ἰ9994 999 9919999999 42911
191. ιο 99999 999 99. 10 99999
99 19 99999 999 99. 19 99999

1
09927 49906 099 09127 22998 1
9966 49989 096 09966 22992 1

1816199. 1285852969 -ι-2842093 1826199. 0285925971 -1-2871
499. 10 52957 2094 19910 25965 1
Jul. 19 52954 2090 111 19 25949 1
09127 52959 2091 Oct. 27 25924 1
09966 52774 21,oe 09966 25990 1
1

1

1

1817Jan.0235855‚899 99999999 999999. 9999999999 9999
99 999 99 99
ο999 991999 9999 ’(1999 99999
99999 99999 4999 99999 99999

999999. 9999999997 9999 999 999999. 9999999999 99999
Apr. 10 59987 294 Apr. 10 81902 1
99. 19 99999 999 99. 19 99999 · 1
9999 99999 999 0999 99999 1
19966 59979 4,09 09966 81259 1

1319199. 059 2931 93352391 1329199. 0235934967 42881
115· 19 115 {1:11 1113 99 1
9999 9999 9999 9999 99999 ι.
09966 2955 3692 09966 33937 1

 

