'rabulae X. 8301 Ν. α Coronae.

1820 1820 Ἤ 40333 0301131.

rvvwww mxcv-su

,1134313-1”,12-,315-3431313182838,113342”12’135,430

7244805 -10,86-,848 -2421811 26418157
40,8482,2 -12,68-21,4 2421812 26488518
,0814829 1-4,68 -17‚2 -8 421818 2646,8879
,2494827-16,12-12,58411814 ἓὲωξὲἓο
,512431,1-,1112-7,4 -48 11816 26588968
,882 4299 -,1759- 2,1 -8 411817 26505825
,170 427,7 -17,544 8,0 -8 ψ01818 26580687
,496425,1-,170047,8-2 01819 2706050
,672 4221 15,98 4121 -2 01820 27 41418
1821 276,6776

,,8784190 -,,14594157 -2 01822 2792189
0,51415,7 -,,12864185 -1 -11828 27107502
,1814124 108 4806 -1 -11824 27142866
,29849,0- 8,75421,8 0- 11825 27108280
-6,,544222 0- 11826 2719‚3594

* 1827 2721‚89⁵8

,41142,-8 4,,82421841 11828 27244828
,417-1,1- 2,,19420741-11829 27269688
, -4,3 0,,13,130 1 31330 27235054

ζ343ἶ1311ἑο,334,11,4,, po
,464-18,,-54627 254841

ζ343414ΞΞΞ3,333 133043
,331-1-1,3,3,33 -1,33 ,3 ,3 ¹

,343-3,-3 1,31-,33ο ,1,4
,335,1,4 4,ο5-35,3 ,1,4
,314,3,1- 313 -31,3 ο,4

ζ314,11ζ“1..13,53ἶζ333 ο,5
,11ο,31,3 1-551-13,3-1,5

,353 ,253 -13,45 -33,3 -145
,626 429,1 -21,28 -26,6 -2 45

2126‚909
21 14, w

21 1895
8049892
2086898
2024897
2011808
19510412
19 46825
19 84440
19 21858
19 9‚479
18 §noos
18 44580
18 88061
1819894
18 7,180
17 54669

17 42211
17 29856

ena. 1110 et Febr. annorum binextorum legitur 8133 insequens

 

