1510 san, 0111011555 -18115157 1515115, 1141011515 -1311‘1

1
Ξ
ἕ
1

1 7 ⁸ 1
144016,818 -1512 8,72 1821 '
Apr.10 15,21s 826 101110 48889 ⁸
111 19 16,109 7,85, Jul. 19 18486
00127 16,006 750 00127 48680
Dec„ 66 149oe 7,21 05566 08672

1511555. 1111015555 -15111155 1511555. 0111051511
15110 11155 1119 15110 51051
151. 15 15555 1151 511. 19 51115
05117 17515 1110 0117 51191

’ 05155 17551 1115 05155 51155

151Ι111011151-15115755 1515555. 0111055515
15110 11055 5755 15510 55511
551. 19 11015 5755 50. 19 55575

05117 10515 5179 ,
91555 10551 Ι 5759 01155 55557

1511555. 0111011500 -15111551 ’1911555 1111019551
145110 21140 5868 Apr. 10 59,104
151. 19 11059 5555 *1919 59197

00127 24,097 5199 00127 69,161
05066 211018 61167 05066 69,176

-1515 551 1515015. 011111171
1055 15110 1151
1055 551 15 1150
1115 05117 1170
1101 05555 1150

1816110. 1144080,664-161827,24 18261111. 01441 6,768

1111 05117 5555
1955 nostes 5599

1517515. 0111055551 -15151551 1517115. 01111 5515
15110 55571 1550 15110 5550
551. 15 51519 1110 50. 19 1791
0117 51571 1110 05117 5511
151555 51157 1751 01155 · 5510

1818 Jan. 0144087515
15110 37‚483
Jul. 19 37‚556
00127 37,635
05166 87,719

1515 san. 0111010550 -15111057 1515015. 0111111551
15110 11077 1150 1151. 10 11555
511 15 11155 1109 50. 15 11711
05117 11551 1155 05117 11517
151555 11550 1115 ‚nense 11511

 

