Tabula vm
1755.

18944 148911 14890 LogJJ boga Β

ΜΜΜὉΝΝΜΜ

89888 89849 89488. 49998 -00 ÷o‚o1
89989 89444 89848. 49489 , 4894
89888 89488 89448. 49484 , 8894
99884 89844 49848. 49848 , Ἶι8,84
99894 89848 49848. 49894 , 9894

92176 09486 190948 99967 , -4-901
92627 99851 1948844 98868 -4-901
92994 09802 1968844Ι 95179 900
98812 99286 9269048 9886444 98398 0,OE
98610 99806 1961844 9568044 98906 900

98910 99855 194158 9844648 94862 -901
94888 99428 1906848 9004648 94776 -0,01
94556 99516 1,l656u 1‚1112u 95164 -091
99988 89888 49888. 49884. 99888 -894
95968 99692 9988544 mmo· 9,⁵824 -0‚01

89884 89488 89844. 49488. 99488 -894
99998 89888 89888. 49989. 99484 -894
99888 89884 99488. 49884. 99884 ..894
99888 89848 89848 49888. 99948 -894
99944 89444 89888 49888. 99488 -8,84

99888 89448 89448 49884. 99848 898
99488 89888 49888 49448. 99888 898
. 99888 89889 49498, 49888. 99484 898
99499 89488 49884 49888. 99988 -894
99944 89888 49888 89484. 99484 -894

’98062 09265 19518 9747844 98842 -0,01
98168 99219 19664 9846444 98512
98868 09906 19682 90901 98676
98867 99287 19572 96688 98884
98478 99880 mm o,9020 98986

99898 89888 49949 49448 99484
99488 89444 49884 49448 99448
99888 89888 49488 49899 99444
99888 89848 89888 49848 99844
99488 89888 89484 49888, 99844

99857 09698 98802 19088 99808

99528 09687 907904 19056 99985
99681, 09648 964878 19987 91814

 

