Tabula vlu
1800

¹1903..AE 1193AE 1993st 1193.ss boga Ε

wwwwfflw

9,9999 99999, 99999. 99999 -00 '
99999 9’9999. 99999 99999 99999
99999 99999, 99999 99499 929999
9‚9424 9299417 99999 99999 99999
99999 99999, 99999, 99999 99999

98908 0842499 ,180981 08970 9,1852
98095 , ι 1845899 08267 98144
9,7257 , 99 1888299 08185 98815
98406 , n 1‚26909 987921 98595
98550 , n 1861999 0862999 98905

98698 9819799 184151 084471 9,4562
98856 9876699 1806891804799 9,4776
98025 &5213- 1‚15569 1811599 9,5154
98208 8841699 1,990855 1886299 9,5502
98101 98252 0882599 188919 9,5824

98602 98508 085401 1875199 98128
98805 98058 0887199 189691 98401
9,9α)5 98850 9805899 1806199 98667
98197 98217 08565 18055· 98915
98577 98250 oms 1888299 98150

99999 99999 99999 99999. 99999
99999 99999 99999 99999, 99999
. 99999 99999 99999 99999. 99999
99999 99999 99999 99999, 99999
99999 99999 99999 99999. ,

99999 99999 99999 99999, ,
- 99999 99999 99994 99499, ,
.,9,9999 99999 99999 99999 ,
99999 99999 99999 99999 ,
99999 9'9991 99999 99999 ,

99999 99999 99999 99999 ,
. 99999 99999 99999 99994 ,
99999 99999 99999 99999 ,
99999 99994 99999 99999
99999 99999 99997 99999 ,

99999 99999 99999 99999 ,
0'1199 99999 999999 99999 ,
99 99999 99999 99999. 99999 ,

 

