’1001111110 0010111011.

ratores quantitatu- 04 D pro ungules diebu.

Martius.

Iaog.0 bugd>

« 1750 1850 1750 1850

0 11111. 11110. 01111 · 01110
111111.11111.0,1101 01110
111101. 11101. 01011 01011
111111.11111.0,1105 01111
111511.11511.0,1555 01501

511511.11511. 01110 01111·
011551.11551. 01001 01011
111111. 11511. 00001 00100
111511.1,1511. 01100 00115
111001.11001.0,0000 00010

101,1011.11011. 05011 01011
11 11011.11011. 05111 05110
1111011.11011.0,1005 01101
1111051.11051. 01150 01101
11 11001. 11001. 01510 01510·

1511011.11011.01115 01111

. 1011011.11011. 01015 01015

1112111111 1111 1111.

⁶ 1111001. 02689107089 07090

20 026901 026911 01987 02091

21 126901026901928601927891
22 026891026901 9,,78481978081

28 026861026861 994991019477

Α p r i 1 i 1.
m
1750 1850 1750 1850

Lug. 1)

026181126191 056801056281
026041 026041 060171060161
025881025891 068711068701
025711 025721 066971066971
025581 025541 069991069991

125841 125851 072801072801
025121 125181 075481075481
024901 124901 077891077891
024661 124671 080211 080211
024411 124421 082891082401

124151 124151 084461 084471
028871 028871 086421 08648 1
02857 u 028581 08829 1 08880 1
128271 028271 019106 09107 1

1229411,229410,917510,91761

122601022601098861098881
022251022251094911024921
1218811218810,96881096401

1215011,215010,978010,97821
021101 121101 099161099181Ι

120681 020681 00261 001481
1111 1111· 111. 1111

1,19841 1,19881 004081004101

24 026821126821 009821009171 1,11885 018851 0052010058·

1111111111. ,1111οε

- 1111001.11001. 0151001511.

28126581126541041981041881
29 026Β1126441 027281047241

ω 026811026821052081052101
811261811Ἇ19108ζ56801056281
82 0ἥο41026041 060171060161

1,,188511188511,062811,Μ801
0811788111788 007821007841
017801017291 008821008841
1ζζ11674111678 00991009811
1,1,6161116151 010221010241

1,15571 015561 011121011141
014951014941 011991 kmi·

 

