’91119111 vm.
1111 ’

141 1911 1199 11911 1.... 1

wwwwww

1... 1 91119. 91111 91919. 11999 -00 -991
11 91911. 91199 99911. 11791 91111 -991
11 91177. 91911 99711. 11111 97971 -9,ο1
11 91111. 91991 99111. 91119 99111 ,

m. 19 99111. 97717 11119. 91991 99111

19 99711. 97111 , 91111
nm 91711. 97119 . 91111
ιι 97171. 97119 . , 91111
21 91111. 97119 . , 91199

11 ww· 97117 . 91991

11119 9119. 97111 91111. 91111
19 91911 97111 99919. 91771
11 91111. 97111 91111. 91111. 91111

m 19 97191· 97111 99111. 91111. 91191
19 99171 97111 99111. 11191. 91111

97171 91111. 91711. 91111
97197 91111. 19979. 91191
91191 99911. 91991. 91117
97117 91171 , . 91911
97111 97111 . -91119

97111 99111 , . 97171
97911 99119 , . 97111
91111 91191 , . 97717
91119 91199 , . 97919
91111 91119 , . 91111

96186 13519 , n 98848
95978 92664 , 98518
95887 92688 , 98676
95869 98578 , 98834
95919 92825 , 98986

96921 91910 , 99131
91119 91111 , 99116
,91111 99119 , 91414
91199 99111 99547
91111 97111 99177

91111 91111 99191
91191 99711 99911
91111 91171 99914

 

