Tabulae X. Soet. l. α’ Canis 41149119.

11661ιι. 6 19611611416114614 11661ιιι. 1 1964446148491
Apr. 10 13,o90 89,94 Apr. 10 42,475 1
9ι1. 19 19696 1 6916 141. 19 49499
61491 19699 9949 6691 49696
449666 19 616 9166 90066 49616

11611ιι. 6 19616999 ÷ 6669946 11611416 19646666 ÷ 649
16. 16 16 919 9919 Apr 16 46166 ·
1ι1. 19 16194 9966 4419 46699

. 69491 16646 9111 6691 46669
111966 16666 9669 94666 46999

17521111. 1 72619267 -4- 5501957 17621611. 0 72649056 -4- 549
Δ ,10 19215 18,00 Apr. 10 49127
J . 19 19‚156 17,50 ’141. 19 49202
, 17,06 ” 06127 49288
06666 19016 1969 06966 49868

1169 ιιι. 9 19699199 ÷ 669 966 1169196 6196694999649.
969 1ρι. 16 69611 49

166 44. 19 69661

169 6491 69166
Doe. 66 91661 1,41 14966 69666 491

17541640 72629082 -4- 5495904 17641611. 1 72655978 -Ι- 5481
444110 24987 5998 441110 59069 1
114. 19 24889 58,99 1111. 19 · 56,165
06127 24,740 5909 06127 59260
06666 24689 5926 06666 56,855

1166191. 6 196 91699 ÷ 519⁵0‚79 1166 san. 6 196 69419 ÷ 649
16116 99199 6696 16110 69661 1
961 19 91699 6164 14. 19 69669

01127 27,528 5160 09127 ,
06166 27,426 5908 06666 59881

17561614 1 72689608 -Ι- 5494941 17661614. 0 727 2,958 -ι- 548ἶ

441410 89518 48,88 116610 9085
1111. 19 89428 4442 141. 19 9111
09127 89887 45,00 09427 8,182
Dec. 66 89255 45 64 Dec. 66 8 247

“ 1161441. 6 72699,4s9÷61996‚95 1161119. o 191 6616 ÷ 616:
p. , 9169 1611 ’ 6491 1

. ‚ 9999 161. 19 6696

. , 9966 6691 6696

. , 9969 19966 6616

11661ιιι 6 19696 999 ÷ 6499169 11691ιιι. 1 191 9119 ÷ 649
14916 96 991 6169 1ρι. 16 9146 ¹ ⁴
Jul. 19 96 999 9961 111. 19 9169
οιι. 91 96, ’964 99, 41 oct. 91 9196

066 66 86,179 8928 066. 66 9792

17591611. 0 72689887 -Ι- 5492958 17691611. 0727191140 -4- 547,
461. 10, 89, 818 26 ,84 Ap 1. 10 194941 .
141. 19 89808 27,18 141. 19 199824
06127 89807 27 ,90 061. 27 19915
06606 89815 2966 066. 66 12 888

 

