'rabulae X. 8661. 111. 6 Hydrae.

Apr 10 162‘697 6666 16116 44ζ667
1616 16666 6661 1619 46666

-746 1,68 1802166 0 91751,890
ιιι 616 816
0,25 06127 51652
06666 21,714 455967 06666 51786

7461667 1666661 9 91764666-746
14 47 16110 64 766 .
1664 16 19 64 616
1616 66667 64661
1646 66666 64661

-74627,921ἰ1166 191757685-748
27 21 16110 57,952
26,50 161. 19 58618
25,78 06627 58667
2566 06666 58116

-———

-,7464051 1805me 09181,-048 749

89,08 161. 19 1,128
88, 89 Oct. 27 1,156
87, 71 Dec. 66 1,177

06127 85, 656
Dec. 66 85 ,679

7 · 7
1798166. 0 91788618 7471969 18081661 918 9981- 750
116610 88647 19 85 66110 9685
161. 19 88688 19,08 161. 19 9688
06627 88726 18 89 06127 9,778
066 66 88 ,776 18 ,76 066. 66 9 707

1799166. 091741,706 7478461 1809166. 091812678- 750
661. 10 41 ,761 88,91 Apr 10 12607
161. 19 41622 88 88 6619 12682
06127 41687 8861 06627 12,452
06666 41,958 8460 06666 12867

 

