Tabulae X. Soet. 1. β Aquilae.

17 sm 3414113334341 7’,33 47331443 4414136333 ÷ 3434
’ 734 Aps, 43 33333 1
333 143, 43 33377 3

10,01 1743366Ι 30335 2

17511344. 01943 5,656 -4- 54818,01 17611443, 0194333274 ÷ 5493
Apr. 10 5642 1370 13410 33312
Jul. 19 5,620 1934 Jul. 19 33356
03627 6590 19,94 03327 333109
Dec 66 5,551 2050 Dec. 66 33468

3337 43443 33433
3333 344. 43 33333
, 3337 33333
3333 33333 33373 3

.
’. ,

4733443, 3434344373 ÷ 3433333 ῶῇὖῇἔῦἔοῖἓξδῖὧξ
11113 1116 11111 11113 13431 4
3337 44333 3333 33437 33343 4
33333 43337 3333 33333 33333 4

473443, 3434343343 ÷ 3434734 47443ιιι 443434333ῙῖΓῶ
Apr.1o 43333 4733 191. 10 43343 3

47,26 ,144119 43,031 5
, 03327 13681 47,12 03327 43,119 ξ

46,91 Dec. 66 43,207

4733 443 3434343373 ÷ 3433333 4733344. 3434343433 ÷ 333
43443 43477 3437 19· 43 43343
11119 43333
3337, 43333

113366 16202

1 · &2464 '
. 4733444, 1=194319,181÷ 343 343 3434343333 ÷ 3334
Apr. 10 19,095 1,69 ’Apul 49,466 1
444. 19 19,0o9 1‚19 111. 19 43333 4
33434 33333 333 33. 37 43337 4
473333 43333 433333 33333 43374 4

.. -.-.... ...---.-.- κ- ,- *- „-

4737 3344 3434334337 ÷ 343 334 4737 san. 3434333334 ἶ3-333
443· 444 44 4
ouem 34333 3ζ43 61311 11113 ⁵
33333 34337 343 33333 33333 1

17581133 011943245361-4- 5491394 17681344. 1194355,738 -4- 5503
Αρτ, 10 24485 13,15 Apul ·55.772 3
Jul. 19 24442 1236 1441. 19 55799 3
0012? 24407 1157 Oct. 27 55317 3
03366, 24330 10,77 03366 55328 fl

1759111. 3434337333 ÷ 3434333 473344ἶ33ἶ43-333731Ῑ33ὦ

. 930 03327 30302 2

434. 43 37347 4334 Apr. 10 33334 4
4734 911. 19 33373

1699 Oct. 27 58,766 Ξ

 

