Tabulae X. Soet. lv. 6 Hydrae.

1616711. 6111111644,-

0Ι 9 1811968-

1814166. 0 91825928 -

² 467. 10 25878

1815166. 0 918 21787
16610 21707
161. 19 28‚695
06127 88691
06666 28696

1816166. 1 91881641
46610 81658
161. 19 81670
06187 81697
06666 81781

1817166. 0 91881666 -

116610 81705
161. 19 81751
061. 27 81804
06666 81864

1818166. 0 91881790-
467. 10 87854
161. 19 87 988
06127 87 995
06666 88,078

1819166. 0 91840998-

16. 16 11676 .

161. 19

06187
06666

41156
41 ,’841
41829

166616766661111141647- 761ἑ
86,Οὸ 467.·1 41885 ἐ

, 6676 71116 11464 ε
6666 6667 14616 1
6466 64166 44ζ666 1
76661661661611661647μ616 7611

, 4666 1611 47666

, 4661 71116 47661

, 4666 6667 17676

, 1766 64666 47666 1

661 1611 66661 1
664 76. 16 66664 1
166 64167 66661 1
6,76 64666 61664 1

7611666 1666111. 6 61666661-7671
1666 16116 61646 1
1161 711. 16 61666 .
1466 61167 61667 1
1666 64166 64676 ¹

7616664 1664711. 161667,116-764
6664 161. 16 67614
6766 61. 16 67666
6666 6167 67666
6667 64666 67666

7614164 1666711. o' 616 6646 - 7611
4166 16116 6644 ·
4646 711. 76 6666
6664 61167 6666

6646 Q 6666

761646 1666711. 61166664 761

- 7515188 1886166. 0 919 8,059 -7541Ι

6464 16116 6666 1
6166 111. 19 6666 1
6666 661. 67 6666 6

58,44 06666 8,908

766 676 1667711. 6 616 6667 - 7611
666 1161116611 ¹
666 111. 16 6746 1

667 614 6661 1

666 64666 6ζ666 1

1
1

75229‚49 18281661 919 8,579 -756
28,48 46601501
28,54 161. 19 8,419
28,66 06187 8884
28,84 · 06666 8,845

7588904 1829’1.66 091911282
6667 1. 1· 11161
89 55 1919 11089
8988 06127 10,947
4027 06666 10,854Ι

 

