Tabulae X. 8555. Ν. α Lyrae.

4545555 5565658575558555154 4555555. 5515655545 5857
55555 5755 49110 55555
5755 11119 55555
57 55 55. 57 55 755
5755 55555 55757

18114155. 0188082 488 -1-8887 022 1821145. 0188052797 -1-8887
Αρι. 10 82, 420 0,11 Apr. 10 52857
Jul. 19 82 856 86 59 92 151. 19 52916
051. 27 82, 298 59, 65 051. 27 52, 978
055. 66 82, 281 5980 055. 66 58, 028

1812155. 1188084281-4-8887 2,86 18-22155 0188055,Μο -4-8887
1510 84,220 1,97 Apr.1⁰ 55094
’ J ,19 84,162 1,52 15119 55144
Oct. 27 84,105 101 055 27 55192

05566 84,051 0,42 05566 55286

5545 555. 5555555555 45557 555 4555555. 5555557554 45557
ιρι. 55 55547 555 5,,545 57555
554. 45 55555 555 555, 45 57555
55557 55557 455 55557 57555
55555 55545 555 55555 57555

5554555 5455557555 ,45557 455 4554555. 5455555 455 45557
“ Apr. 10 87925 826 415510 59, 486
554. 19 57555 545 554. 19 55 455
55557 57575 557 55557 55455
nec. 55, 57 555 555 Dec. 55 55 477

ῄ- ...ι--..Μ ---

ιεἯιΙω 0NJ18303988⁷ ÷3837 4,57 5555555. 55555 5555 55557
415510 89, 871 8,24 Αρι. 10 4509

151 19 89, 861 2,42 Jul. 19 1,507
051. 27 89857 1,61 05127 1,500
055 66 89, 858 0,80 055. 66 1,487

—-——-——.—--

1816155. 1188041887 48887 4,02 18261445. 01881 8,522 -1-8887
Apr. 555 45, 555 555 ιρι. 55 5555
151. 19 41908 2,46 15119 8,482
051 27 41 ,919 1,78 Oct. 27 8, 454
055. 66 41,941 1,08 1055. 66 8, 421

——.

1817155. 0188048 968 -1-8887 4,21 1827155. 01881 5,468 4-8887
415510 48 ,988 8 54 Apr. 10 5 426
151. 19 44,018 2,92 151. 19 5,885
Oct. 27 44 ,058 2,85 Oct. 27 5,840
055. 66 44 ,092 1,88 055. 66 5 290

.-..—-—-———-— -m-

4555555. 5555545455 ,45557 455 5555555. 54554 7557 4555
Ap. 10 45455 4,47 jhs 10 7555

Jul. 19 46 ,196 4,06 151 19 7280
051. 27 46 ,244 8 71 Oct 27 7,172
055. 66 46 ,296 8, 48 055 66 7,111

1819155. 0188048808 -7-8887 6,47 1829155. 01881 9,162 -1-8887
4155510 48 852 6,28 Apr. 10 9‚100
Jul. 19 48 418 6 07 Jul. 19 9,087
05527 48,475 598 05127 8,974
05566 48584 5,96 05566 8,911

 

