Tabula vlu
1783.

Lnga! 1⁴⁰8·ss 1203AE LogJJ Loga Ε

fflwwwww

199. 9 191199 99911. 991919 19999 - 00 ”

10 05586
20 08571
80 00228
89899 01820

19 02107
Mum 9,2711
11 08200
21 08621
81 01007

Apr. 10 01879
9 3901
Μιὶ9 991

90 06280
Jun. 9 9‚6649
19 99999
29 mu
sul. 9 9‚7622

19 9,7889
29 99199
Μ’ 16 66668
19 99999

9991 99999
11 99999
27 99919

,oet 1 99191
11 99999

27 09107
Nov. 6 09511
16 09692
26 09850
Dm 6 00118

19 99111
99 99999
99 99199

0926611 080729 02790
098179 097269 02125
99111. 19911. 1,1911
095189 015709 01098

096889 020919 09969
097019 021889 08265
097179 026829 05182
097609 026909 028209
097119 0261819 056299

096989 021159 081169
096209 020689 001179
095809 015569 011129
0918111 008869 1,18619
098869 098219 028909

91991
99919
99191
00888

01852
02111
02818
08898
08905

99999
99119
99191
99991
99911

092519 088129 0275019 ‚
«091919 058759 029699 ‚
091619 090799 080619 ‚

091679 08557
092019 07229

092629 09111
098129 00887
991919 1,1199
095189 1,1808
095929 02289

096179 02519
096719 02661
096719 02682
09686 9 02572
095719 02821

091819 01919
098759 01822
092689 00167
091579 09222
090719 07251 02880

090169 08212 08088
0989981 0,οΠῙΙ 193056
omma 06Β29 02987

06688

00118
02099

0808819 ,
028829 ‚

02601 9 ‚
0216919 ,
01551 n ‚
00688 9 ‚
09188 9 ‚

071709 ‚
081609 ,
00906 ,

99999 ζ

1,1111 ζ
19911 ζ

 

