8001114011. Soet. 11. α Ursae 01771070.

[QQARM „

010 -o‚02÷ 510
000 -0014 550
080 -001 -1 660
040 -0014 640
050 -001 -1 660
000 000 500
070 000 570
000 000 500
090 4001- 690
100 4001- 600
110 4001- 610
100 4002- 600
150 4002- 660
140 4001- 640
150 4000- 660
150 4001- 660
170 4005- 670
100 4005- 660

· 190 4008- 690

200 4008- 700
210 4004- 710
220 40104·- 720
280 4004- 780
240 4004- 740
250 4004- 750
200 4004- 700
270 4004- 770
280 4005- 780
290 4005- 790
800 4005- 800
810 4005- 810
820 4005... 820
880 4005.. 880
840 4005- 840
850 4004.. 850
800 4004.. 860
870 4004- 870
880 4004... 880
890 4004- 890
400 4004- 900
410 4004.. 910
420 4004- 920
480 4008- 980
440 4008, 940
450 4008- 950
460 4008, 960
470 4008.. 970
480 4002.. 980
490 4002- 990

apuam-ew

000 500 -017 4802
010 510 -0,10 4001
000 500 -0,10 000
050 550 -0,10 -001
040 540 -0,17 -002
050 550 -0,17 -005
000 500 -0,16 -004
070 570 -ο,15 -005
080 580 -0,18 -006
090 590 -0,12 -ο,00
100 000 -0,10 -007
110 010 -008 -007
120 020 -ο,00 -008
180 080 -004 -008
140 040 -001 -0,08
150 050 4001 -008
100 660 4008 -008
170 070 4005 -008
180 080 4007 -007
190 090 4009 -007
200 700 4ο,11 -000
210 710 4008 -005
220 720 4ο,14 -005
280 780 4005 -0,04
240 740 4000 -0,08
250 750 4007 -ο,02
200 700 4008 -0,01
270 770 4000 000
280 780 ÷0,18 ÷0,01
290 700 4017 4002
800 800 40,17 4008
810 810 4006 4004
820 820 4005 4005
880 830 4008 4006
840 840 4002 4000
850 850 4000 4000
350 000 4001 4007
870 870 4006 4008
880 880 4004 4008
000 890 4001 4000
400 000 -001 4005
410 010 -005 4008
420 920 -005 4008
480 980 -007 4007
440 940 -009 4007
450 950 -0,11 4000
400 960 -0,18 4005
470 970 -0,14 4005
450 900 -0,15 4004
490 990 -0,16 4008

 

