Tabula vul.
1815.

boga! 1003AE 13⁰3ss 116ῳῦ Lnga E

Mum-&ww

Im· ο 9ᾇ50137Ι οβωο
’ 33 3333: 3613

80 9812811 92672
1668119 9286811 91887

19 9280211 90977
Mami 91787 ι 90080
11 9116111 99212
21 908681 98616
81 9976411 98890

Apr. 10 &8770- 98468
’ 13 3:33: 3:333
Μ1336333
-80 97698 90617
m ¹1⁵9³ 6718
· 29 92171
lul. 9 98012

16 66666 ,
19 661166 ,
Μ’ 16 96616 ζ
28 95850 ,

61611 116666 ,
11 116611 ,
11 66611

661, 7 116136
11 66161

27 96660 ,
Nov. 6 96882 ,

16 97129 ,

96 97888
Dec. 6 97662

· 16 97916
· 26 98167

90676

96886 ι

666166 16111

9806811 92790 ,
9972411 13426 ,

166166 11616

9166911 91094 ,
16616. 66611 ,

9218811 98287
9268211 96186 ,
9289011 9278111 ,

9261911 9662911 ,

92111611 9841711 ,
9206811 9971711 ,

11666. 11116»

messa 1‚1862¹⁸ ‚ -

66616. 11661,

988896 9276111 ,
90706 ,

, ι
90185 ,

966101 m. Q

16 66166 61666. 66136. ww·

 

