· 1111111111.
1111.

11111 111111 1110 11191111 Ε

wmwwww

11111 19191. 11191. 19999 -00 1111
08988 omn 0807011 02790 04862 4-001
11191 19191. 19191. 19191 11111 1111
11191 191191 11111. 11111 99111 1111
. 99119 19111.. 11119. 11191 11199 1111

03114 0959311 020981 09970 01869 11001
03599 0965911 0648011 08266 02144 -Ι-0,01
9,4001 0‚9699· lma 05184 99818 -1-001
04363 omma 1,2690n 0279711 08393 1001
04681 096881 1‚2619n 0562911 03905 11001

9‚5001 039629· l‚2416n 0844711 04362 »1001
05325 0955011 0206811 0004711 04776 1001
06668 0946811 1‚1556· 1,1118u 9,5154 -1-001
06999 0984811 008861 018621 05602 ÷o,01
06346 0924611 0982311 0239111 05824 ,1001

06689 0915611 0884011 13751· 06128· ,1001
07026 0908911 ’0687111 139691 9‚6404 -1-001
07847 0905311 090621 0306111 06667 1001
07618 090501 03564 0303311 06915 1-001
07924 0908011 07282 0288211 07160 1002

11111 19111. 19111 19111. 11111 1119
11991 19911. 11111 19111. 11111 1119
1. 19199 19111. 11191 11111. 11111 1119
11111 19111. 11119 11111. 11911 1119
11911 19111. 19919 19119. 91111 1119

99111 19111. 19119 , 11919 1119
99119 19111. 19111 , 11119 1119
99919 19191. 19119 , 11111 1119
99111 19119. 19119 , 11111 1119
99191 19111. 19191 , 91911 1119

19111 19119. 19991 , 99111 1119
. 99111 19191. 11191 , 19911 1119
99111 19111. 11111 , 99111 1119
11191 11911. 19991 99111 1119
11199 11119. 11911 , 99111 1199

11911 11191. 11919 99111 1102
11191 11111. 11111. 19111 99991 4⁰‚02
011515 087901 0647819 02987 00044 4002

 

