τιιιιιιι x. 949. 111. ι sem:

49999ιιι 9419199999 41 19949 4999949 9489191949 ÷9 9
Αρι. 10 56682 9997 11910 29124
9ιιι. 49 99949 9999 9ιιι. 49 99999

ι 9999 99949 9499 9999 99999

9499 99499 9499 94ιι. ·· 99999

4994944. 9499999499 ι 9 94999 ι9949ιιι. ι499499999 9, 99
⁹3 ”’Ῠω 4499 99’499

44,56 091.27 28,560

.499·9ιιι 44994 99· 49 99999 49999ιιι. 9499494999 ÷ 99
.49 4994 9999 ιιιιο 94999
,,49 4999 9999 ιιι. 49 99999
9499 ι’999 94,11 9999 94999

’89966 9696 8486 89966 999oe

4999944 94994 9999 ι 9 99949 4999944. 9499494994 ι 99
99 99⁴ 99 ιιι 4 99 ·
0997 4’499 9999 9999 99949
9499 4949 99’99 94ιι.99 99999

499419ιιι. 94994 9999 49 94999 4994999 4499499999 49 9
4999 49449 99999
4999 ιιι. 49 99'149
49’49 οιι 99 99499 9
10,19 89966 88,228

4999544. 0'19941o„oo7÷749941 4999944. 0158441,164÷72
ιιιιο 9999 9999 ιιι. 49 41, 499 ι
9. 49 9’9ι9 9999 944. 49 44999
9999 9999 99 99 9999 44944
Dec 66 9 848 56, 76 899. 66 41, 255

1799'911. 4499449999 ι 9 44999 4999944. 9499449999 ÷ 7 94
¹4 ,ιι 49 49 999 4499 ιιι. ι49 44999 .
941. 49 49994 4994 ιιι. 49 44999
oct 99 49994 49 99 99499 44, 494
Dec 66 12, 766 42 ,65 Dec. 66 49171

---,,-------

. 153415,711÷7431,01 18071944. 0,,1584471271-1- 7 21

ιρι. 49 49, 999 9999 ιρι. 19¹ 49, 494
ιιι. 49 49 999 99'69 949. 49 49 999 4
99. 99 49, 994 99 99 οιι. 99 49 999 ι
9ιι. 99 49, ’999 9949 υιι. 99, 49999
49999ιι 9499449999 9, 7 44999 4999944. 4499445944 9, 9 94
ιρι. 49 49’999 49 99 ιρι. 49 49’ 994 ι
9ιιι. 49 49944 4999 944. 49 49 994 ι

09127 18862 1427 ,,,09127 49,765
89966 19990 18,58 —-,Q1-- Q*

17981994. 0158421847 ÷ 7 4 1,81 18091944. 0158452665 ÷7 2
999 11111 99 99 19 99
09127 99048 859 77 091. 271 52425
899. 66 22,124 59,11 899. 66 52887

 

