5115111111. Boot 111 11 Lame.

146116111εὸ 4665 ..1⁰⁵ 111451 1611111. 1115151411 131
11641 4798 Ι,4487 Apul 3430)
1119 6,ν16 11116 161. 11 11515
01121 6,61ν 1ν,16 ο611ν 11,1ν4
61166 6561 1416 61466 11566

1791111. 01119 11165 -15ν 151 1111116 61444661 -15 9
*1113 34 12 1113 {1351 ῑ
00'197 9:195 οζοο ο41ν 44114 1
111166 9⁵01 ο,ο1 111166 41411 1

1.1·’4111.1143912,833-15715,71 180211120148915987 1510
Αρῐ. 10 12730 1417 Apr. 10 44587
1119 141 14 1111 1:9⁶
1111.oe 14417 1488 011466 44880

1 0143914744 -15729,49 13031111. 0143944145 -15101
421 2113 111 ⁴13ss ς

00197 1⁵‚144 16,6ν 00127 99‚119
111166 15546 1655 111466 19,197

1794111. 0119919‚171 -15 74466 11011111 1119992767 -1511,
1111 1991 11:11 1²91 ²
6¹ch 19:119 11ζ16 ο111ν 54911

01466 14338 4406 061466 54040

1795116. 6146914651 -15 ν59,51 11165116. 0111996919 -15101
111110 11,56ν 5966 191. 10 ⁵6‚8⁷2 -1
111. 19 21‚52⁵ ⁵99⁷ 111. 19 56,11ν 1
01127 21,970 ο ο,14 οεινν 56454 1
111166 11414 ο,46 111166 56461 1

17961111. 1143924734 -15 81484 18061111. 0143954770 -1511
1111410 24693 1421 Apr. 10 54792
Jul. 19 24662 1464 Jul. 19 54805
00127 24640 17,11 01127 54808
Dec. 66 24627 17,64 Dea& 54302

17971111. 0143924926 -15 83494 18071111. 01440 4102 -15111
Αρτ. 10 27‚919 3449 Apul 4089 1
Jul. 19 27‚922 3408 sul. 19 4067 1
00127 24934 3470 01127 4035
06ο66 24955 3435 05466 4996

17981111. 0143934243 -15 85461 18035111. 11440 4300
Apr. 10 34270 5427 Apr. 10 4261
Jul. 19 34306 5495 sul. 19 4206
06427 34350 5464 00127 4143
06466 34402 5435 011466 4072

 

