1711171 x, 777. 6.· a 61777.

8167171118777
, 54,21 1461. 10 81,102 2
5489 8111. 19 81,188 i
‚ 5465 06627 amo 1
, 5498 06666 81648 8
÷ 72156‚08 18411711. 0 54684568 4- 7222
p. ‚ 6616 17716 76617
. , 5691 sul. 19 81,710
. , 5742 06627 84771
. · , 58,oe Dec. 66 , 84625
18825111. 1 546 8896 -1- 7215901 18424576. 54688054 -7- 7221
116610 8,880 59,62 Apr. 10 88108 1
Jul. 19 8,771 22 0,28 5111, 19 88,144 8
06627 8,720 0,98 Oct. 27 88,177 · 1
066661 8,677 1,72 06666 88201 1

1777177 ο 616 6776 ÷ 777 777 17171171. 6 61611777 7 7777
Α 1110 6,899 8,48 Apr. 10 417158
1 . 17 6771 177 61. 17 11767
6677 6767 667 66177 11767
06666 6,844 5,85 06666 417158

1761177. ο 61616671 ÷ 777 677 1711117. 1 61611767 17771
17716 16777 771 17616 11777
111. 17 16771 717 111. 17 11767

. 6677 16767 771 6677 11776
67666 16777 1676 111766 11777

188511111. ο 61617767 ÷ 7771677 1716171. 6
17116 17777 1177 177. 16 17766
161. 17 16177 1776 171. 19 17717
6677 17777 1777 67777 17766
67166 17777 1777 117666 17711

1776171. 1 61616761 ÷ 7771176 17171177. 6
Apr. 10 16‚813 15,68 Apr. 10 50809
111. 17 16777 1676 61. 17 66777
6777 16767 1671 6777 ’ ’66711
Dec. 66 17,086 1787 Dec. 66 50,549

...ι’-...ῳ .—

1777117. 6 6167676617771777 1717111. 6 6166777617771
17716 76777 1777 17116 67771
171. 17 76777 1771 111. 17 67771
76711 1777 6671 67771
76767 1776 67666 67777

. 546Ξ3879111811- 7222106 18485116, 1154656712 4-7221

1777177, 6 61677716 ÷ 7777776 1717117. 6

 

