I'abuIa , VIII.
1754

103] m uffo 1»,ss Ing-t 8

ὉΨὟΜΜΜΜΜ

91588 119188 95188. 19998 -ω 1618
99111 98815. 19189 81188 40,oe
95111 89988 9918119181 81818 40,oe
98881 , 111815. 11818 89181 40,oe
9,⁴091 ‚ 1,157o„ 1‚1o91 98888 1898

94488 1909411 99967 91859 -Ι- 908
94709 , ¹ 1948811 98968 99144 4908
94948 , 1968911 95179 99818 -1-0,09 ¹
95151 , 19690 n 9985511 98898 4 909
95851 , 996188 9568011 98905 -Ι-0,09

95556 1941511 9844611 ,9,4869 -Ι-0,09
95774 Ima 1004611 94776 4-901
96011 9155711 9111911 95154 4901
9686 9088611 9186111 95509 -1-0,01
95585 898851 18898. 95881 ÷o,01

96819 9884411 1975011 96198 4091
9588011 9996911 96404 4-901
9910711 9806111 96667 4901
98547 9808811 96915 4-909
97995 1988811 97150 ,

89111 198111 91918
18885 191181 91585
11198 115591 91181
155851 91988
99195 98181

9747911 9, 8849
984641198519
0 0901 98676
98884
98986

99134

ρ

ε εεεμε ᾳεεεο

ἓ(

,5

23ae⁵3 {38302Q

 

