796919 9111
1799

999 999 990 669 666 E

WWWWWW

Jnn. 0 9,51086 98182 060986 9999 -οο -0,05
Ι10 9,46056 9,6741 080706 92790 9492 -0,05
20 9409„ 999 097256 999 8,7878 -0,05
80 9992· 864196 660814 1,1877 9919 -99
Febr.9 929ss2· 9519„ 1,15696 1,1098 9,0888 -0,05

19 6666 9666 6666 ο,66 9,66 -o‚9
99.1 6666 6666 6666 ο’66 9’66 -0'9
11 6666 099 7,666 ο,66 9,66 -ο,6
97 6666 ο’666 ι’666 6666 9,66 -66
97 6666 ο,666 7,666 6666 666 -66

Ᾰρῐ. 10 868086 , n 134156 Ι0,84476 9,4862 -0,06
20 667880 , 6 620686 600476 9,4776 -0,06
80 8,47076 , 6 1,15666 1,11186 9519 -0,06

99;9 ’ ΙΙ799 799 9997 -99

⁴ , 6 , 6 π , .-

80 8,Ὶὸὃὸ , 6 0,88417ι 6275177 96128 -0,06
Jun. 9 83846 , n 958729 1‚2969u 9,6404 -0,06
19 9,1281 , n 9,90669 1,.80616 9697 -0,06
29 92287 , 6 091562 680836 96915 -905
Jul. 9 9‚812l ‚ 6 0,7281 628826 97160 -0,05

19 98798 , n 99116 9909· 9793 -0.05
29 9,4889 , n 9097 131686 9759 -09
Aug 8 9,4784 , 6 1,1196 1,15516 9779 -99
9999 ; 9999 999 999

9677 666 , 6 666 ο,666 666
77 666 , 6 666 6666 9’66
97 666 , 6 7969 9’66
09 7 999 ‚ 6 666 ο’66 9,66
77 999 , 6 666 666 666

97 999 ‚ 7,66 7,66 666
66.6 999 , 666 7,66 666

16 666 199 7,66 666

6 666 666 666
66 6 666 ο,666 ο,66 7,66 ,

76 666 6666 666 7967 ,
67 666 6666 6666 7967 ,
6 666 6666 6666 666 ,

 

