1300 1300 ‘. 1110000011εο

www ΜΝ

-11730 313 1000131113101

1,. 11101- 5,5 1117 130 13 -1 1731 1311101
111376-100 1130 13,0 13 -2 1793 13130309
¹ -13,3 1103 111 11-21791 {gssg'ssgg
1795 ‚ 9
1911101-167 1122 110 11 -1 1796 13213300
1111110931-133 1336 -0,3 11-11797 13211633
1111733 -19,1 1117 -1,5 11 -1 1793 13319165
1111531-139 1297 -2,6 11 01799 13337299
1110151-1731105 -0,711 01300 &aaz
110111139-117 1121 -1,5 11 01302 13110303
-,.10,050-11,1 1170 ..50 11111003 13503010
. .1-ο,033-6,3 1125 -5,1 13111301 13316173
111-0170-11 1075 -13 1 111105 13501317
1076113 4⁰,28 -11 12111306 ἐξ ἓξὲξ
,-0,οΞ317,3 -0,13 -3,7 11111303 11 17310
..11100731110-015 -17 01000 11135001
1910113100 -0,00 -1,0 0 01310 11173510
1910101110 -0,70 -01 ..1 0
11, 9116171211 -0,71 107 -1-1

1150175
1151011
1150101
15 1057
15 5100
15 1753
1511531
1517110
1511151
1515070
1510331
1531700
1510511
1510311
1511110
1517301
1551010
3550100
1551110
10 1000

1011061212 -0‚62 118 ·-2-1 Diei reducto addendum 0111

1111011115 -033 117 -1-1
1.,,1111311113 -0,01 133 -3-1 ante

11113111313 1127 113 -3-3 post ΜΗ ξ Σὲ

18121101329 1166 111 4-1

1111711171 1311 1103 112 -3-1
i 1717η 1823 1119 111 -1 -4
“ 271301281820 ÷1‚90 110 -3-5

i 1151161131 1430 111111
1 301531 1731531 111111
· 56151531341504 112 13 -0

ξ ΙΙ nem. lm. 31 Febr. annorum bissextorum legitur dies insequens.

 

