Tabulae X. Soet] α Cygni.

1750141n 68666666 48666666 6666646. 6686664666 444666
Aprlo 66666 6666 4p110 64666 6
61. 66 66 646 66 66 66. 66 64666 6
66466 66666 66 66 6666 64666 ἓ

Dec. 66 55,805 59,99 06666 14692

, 666666. 6144646666 6666666 6666666666 44466
16610 57,858 3 12,78 Apr. 10 16,781
66. 66 66666 6666 - 66. 66 66666

06627 57,882 18,77 06627 16746
06666 57884 1418 Dec. 66 16 768

’ ’.6666644 66666666444464664666666ἷ616ῆ6666ῆῖ4ῇ

Apr 66 66664 66, 64 491. 10 66, 666 6
111 19 66666 66ἰ6 911 19 66 646 6
6666 66666 6666 6666 66666 6
6466 66666 6666 66666 66664 6

17588666. 02088 1,921·1·442489,98 1768166. 0208820940 -1-44282
Apr 10 1, 894 40,06 Apr. 10 20981 2
Jul. 19 1,861 40,12 1661. 19 21027 2
061. 27 1,822 40,11 06627 21,078 2
Dec. 66 1,778 40,08 066 66 21,188 2

. 6664646. 66666 6666 444646646 6664646. 6666666664 444664
Apr. 10 8,785 5284 Apr. 10 28211 4
66. 66 6666 6664 11119 66666
66. 66 6664 6666 66466 66664
Dec. 66 8,612 51,58 066. 66 28400

1755166. 02088 5,678 -1-4425 4,07 1765166. 0208825418 -6- 265
8,69 Apr. 10 26485 5
8,25 161. 19 25,558 5
2,75 06627 25628 5
·,220 06666 25,698 5

6666646. 66666 6666 444666466 1766111 6666666666 44466

, 1661017898 4466 466. 10 66666
11119'7’921 6666 91119 66646 6
64466 6646 6664 6666 66666 6
Dec. 66 6666 6664 66466 66666 6

6666Ι6666 6646 444666466 6666646. 6666666666
Apr. 10 9,168 , 24,18 Apr. 10 80,067
66. 66 6666 6646 66. 66 66666

06127 9,082 2270 00427 80,189
06666 8,967 21,94 06666 80245

6666646. 6666666666 4444666466 6666646 6666666666 444666
666. 66 66666 66, 66 466. 66 66666 4
666. 66 66666 66, 66 111. 19 66 666 4
66466 66666 sisa 6666 66 466 4
66666 66664 66 66 66666 66 466 4

17591666. 0 8812859 4414254429 1769166 0208884479 444276
1613 1424 28 91 13 41411 ἓ
66466 66666 4666 6666 64666 6
06666 mm 41,59 06666 86584 5

 

