71111111 vm.
1779.

103.ae 1929 uffo ug.» ιαμ n

WWWWWM

7111. 0 990101 0,07861 061021 1,2998
10 9948611 098601 o,8072n 1,2790
29 999271 0,·896711 0,9726111,2426
80 9984811 0,2789711,981411 1,1877
robus) 997481 098601 1,16701 1,1098

19 991811 0986911 1,20941 09969Ι
Marti 996961 0,42681 1,248811 09266
11 9988811 0,46611 1,26821 0,6182
21 9,(1961 0,4696111,26901 9282611
61 891861 0,476771 1,26181 096291 ,

Apr. 10 899671 0,47261 1,24161
20 860221 0,46191 1,20681 1,004771 ,
80 8,172711 0,44691 1,16661 1,11121·,‚

0,42761 1,08861 1,18611 ,

0,40991 0982417 1,26901 ,

0996971 0984211 1,276071 ,
0991811 098761 1,29691 ,
0996971 9908871 1906111 ,
1906671 ,
1,26821 ,

1,2601 71 ,
1,216911 ,
1,16621 ,
110684 ’⁸ 1
094661 ,

0,747171 ,

0134601 1
0,64871 1,2682 00904

11111

80 89917
11111. 9 99554
19 9,1776
29 99782
1111. 9 99604

11 1,1111
29 1,1111
, Aug. 9 1,1ἐὲζὲ
66 61711

171117 1,1111
17 11111
17 1,1111

009 7 9’6577
17 1,1777

27 96987
1117. 6 99212
16 99451
26 9‚7701
1., 1 17111

16 99208
26 99462

m

111111 11111
1,11711 17111

0,46911 09114
0908771 1,0886
098861 1,1194
097061 1,1808
099881 1,2289

0920171 1,2619
0986871 1,2664

094681 1,2672
0,640871 1,2824

111111 1,1111
111111 1,1111
1111111
098641 0,7264

098441 09211

111111 1,17711 1,1111 ζ , ‚

11181
17171
3616

91862
9 ,2144

99818
99898

094461 ,

ο’16111”’
,,

09020 ,
1,0448 ,

1,1414

17111 3
1‚2574 ‚

1‚2880‚

19088

11117. 11111.. 1,1117 ,

 

