‘fabula' v111.
lm

bagai 1903AE 1203AE QD Ing-9

wwwww

999 ο 99999. 99499 999999 99999 -ω
9ο 9ξ 9 οξ9999 οξοοτοο 99999 99999
99 9ξ «ι οξ9999 οξ99999 99999 99999
99 9ξ9999 οξ9999 9ξ9999, 99999 99999

99999 9ξ99999 99999 9ξ99999 99999 99999

99 99999 99999 999999 99999 99999
99999 99999. 99999 994999 99999 99994
99 99999 99799 99999. 9ξ9999 99999
99 99999 99999 999999 99929„ 99999
99 99999 99994 99999 999999 9ξ9999

999. 9ο 99799 99949 994999. ο,9949 99999
9 999 999 9999 9999 999
999] 99 9ξ9999 οξ9979 999999 99999. 99999
99 9ξ9999 οξ9999 99994. 999999 99999

99 99999 99999 999999 999999 99999
sm 9 9ξ9999 οξ9999 999999 999999 99999
99 94499 99999 999979 999999 99999
99 99999 99999 99999 999999 99999
99 9 99499 99997 99999 999999 99999

99 99979 99999 99999 999999 99999
99 9ξ9999 οξ9999 99999 999999. 99999
Aug. 9 9ξ9999 οξ9999 99999 999999 99997
9 999 999 999 9999 999

99999 99949 99999 99999 99499, 99999
99999 οξ9999 99999 999999 99999

⁴ 99 9ξ7999 οξοιπ 99999 99994 99999
999 99994 99999 99999 99999 99999
17 9ξ9999 οξ9999 99999 99999 99999

99 99999 99999 99999 99999 99994
nome 99999 οξοοοο 9ξ9999 99994 99999
99 99999 99479 9ξο999 99999 99999
99 99999 οξ9999 οξ9999 99979 99999
9999 99999 9ξ9999 οξ9999 99999 99999

99 99999 99999 99999 99999 99999
99 99999 οξ9999 99999. 99999 9ξ9999
99 99999 οξ9999 999999 99999 οξοοο9

 

