Tabula XII.

Reductio 0000040000409010.

Ianuarium

Radius 969.

66 40· W· 1049 9966. 666. ι 6666 ,,,, sm

19999ιί1999 8966.

999999 -691 696766 6996 9967 6’,69 6999969799 -όζο9
9 99466 6’66 6799 69969666 666 6999 1791-099
6 9999 6’66 6769 66696666666969 9796 -6,69
9 9966 6,66 6679 66999666 6996666 9796 -6’69
6 9969 6,66 6696644Η69996666996966 9796 6,66

6 21,57 000 36040,4171,083 0470285 17,2340,01
7 21445 0400 3566 044,,41410820516283 17,,204001
8 21431 0400 3527 0441214,40810546281 17,,174002
9 21417 0400 3485 040910800576279 17,,134003
10 2144024001 3442044,40610790606,277 17,,084004

0
1
2
3
4
5
6
7
8
9

10 11 2087 -1-001 3397 0403 1,078 0630275 1703 4005
1112 204714001 3350 04400 14077 04660272 1697 4006
12 l! 20454 4001 8301 0439614076044696269 1649140οΊ
13 14 20436 -1-001 3250 04893 14075 07164266 1685 4008
1415 2018 4001 8197 0,3,9010740,746263 164784009

9696 9966 4091 69666,,9,6696766776966 9676 4009
9697 9969 4001 66676’,,66996796666967 9669 44696
97 96 9969 4002 66996,6769,6766,696969 96’69 44699
96 99 9996 4092 9979 0’979 9966 666 6969 1094 44699
9996 19914002 9996 667696676666997 1095‡0’19

2021 19,,004002 2853 08661065 0910243 10254014
2122 1879 4002 27910436214,0640936,239 1014 4015
2223 184,584002 2729 035710620966235 1640440413
23 24 1836 4002 2666 0353 140610980231 1592 4016
2425 184,144002 2602 044,34810591016,226 1544804017

9696 97,,999669 9697 669696669666999 96,,669696
9697 97694666 9979 66669666 9666996 96,ζ66,699

996666ζ,6696699666,999 1⁵‚424090
9699 17'944 696 9696644Η69696699966966 9649994666
9966 9769 4009 997964696ιζζ,6699996966 96999699

9669 96,,764669 96676,6969,,,6999996999 96664699
6969 9666 4009 2140 669696969966966 14904099
69 9644694666 96796,,,,667969699969 14094099

ΨΒ.
mu

 

