prplpp x 343 11 p 33433

1⁷701pp. 3 333 7333 4ιὲ 44433 176on ι 43331333 91⁰³ 3ἰ
App.1o 3ζ333 43ζιι App 10 33333 3
11119 3ζ343 43ζ33 11119 33 433 ι
34333 3ζ333 4333 3333 33 33ι 3
34433 ·3333 43ζ33 33433 33ζ333 3

11119pp. 3 333 33333 ÷19 43ι 33 1161spp 3 96610611416 ι3
Apr. 10 10,084 31, ’55 Apr. 10 40, 918 5
11119 ι3333 33ζ33 11119 ·ζ43333 3
33433 3333 33 33 34333 4ιζ333 3
Dec. 66 9 837 31, 89 Dec, 66 41,192 5
11721pp ι 3333333 4343433 111219pp 3 33344333 ,ιι3 ι3
313310 12986 14 85 Apr 310 44,466
ιιι 33 3333 33ζ ι3 33 33 44333
34333 ι3333 ι3ζ43 34333 44ζ333
ppp. 33 ι3 333 33 33 11pp 66 44ζ333
3 9·

1774J1u1. o 96616‚779 ÷11619,12 334333 1 96661‚199 413 33
3333 333 91⁰ 3
App 33ζ433 1113} 61337 31343 3
33333 3333 4333 34333 34344 3

ι333 Jpp. '0' 333 33333 ÷ 19 33333 1716Jpp. 3 966 54‚999 ÷19 01
App1o 33343 3333 App1o 33333 3
333. ι3 33433 3333 JpA. 19 33333 3
33333 33333 3333 06. 33 33333 3

’ 03366 21,325 30,94 03366 55237 3

333343. ι 96611‚666÷16116,61 3333343 3 95669,191÷19 33
App. ιο 34434 ι433 App. 10 33333 ι
33, 33 34343 3433 111. 19 333ιο ι
34333 34334 ι33ι 33333 33333 ι
34333 34333 3334 33333Ι 33333 - ι

17771333 0 95627,579 ÷13258‚72 17873333. 0 957 1,759 -1-12595
Apr. 10 27, 548 59 3,3 Apr. 10 1 7,72 5
Jul. 19 27 525 59 91 ,133119 1,775 5
oct 27 27, ’512 1 ο,44 001 27 1769 3
Dec. 66 27 ,509 0,94 Dec. 66 1,754 5

1778333. 0 95630719 -1-13 24357 17881331 957 4,969 412594
Apr. 10 30, 721 44,04 Apr 10 4,947 3
11119 30,733 4446 Jul 19 4,917 3
Oct 27 30, 754 44, 83 031. 27 4,878 3
Dec. 66 30, 784 45,14 Dec. 66 4,831 3

1779133. 0 95633983 -ι-13227,83 17895333. 0 957 8,057 ÷12592
Apr. A10 34019 28,10 Apr. 10 8003 2
11119 34062 2832 3331 19 7,942 2
Oct. 27 34, 114 2848 001 27 7,874 2
03366 34173 28,58 03366 7,799 2

 

