’1691116 vm
1880.

Logd 1103AE 16690 11690 Lnga Ε

wwwwww

116 6 661116 69796 696696 19999 -ω ”
, offla 1.279⁰ ,
69666 697966 19196 ,
69666 196196. 19679 ,
69169 196696 19696 ,

69661 196966 69979 ,
69977 191666 69666 ·

69919 196696 66167 ,
69191 196966 997666 ,
69966 196166 696966 ,

09218 1,112115 0811771,
366 1ῑῖἓὲ13 1862 3
· 669 611161 61311 ;

09626 0983871 1976111 ,
09665 0986671 1996911 ,
09677 9 ,9085 71 19061 11 ,
09658 03574 1‚3032n , ·
09011 09280 138880 1

69666 69116 196666 ,
69111 16669 191676 ,
69669 19196 · 196666 ,
69991 19669· 196616 ,,
69117 19916 691666 ,

09081 12519 0,71ῦ 11 ,
09971 1,2661“’ 091586 ,
09962 iffi 0‚0911 ‚
09966 1 06688 6
0‚9014 19821 09019 ,

69666 19996 16119 ,
69179 19696 19116 ,
69966 19161 19696
69666 69996 19576
69666 69961 19679

69611 661716 ww ’

 

