Tabula vm
1796

ιαμ ΙιοςζΒ 1293.ss Log.D Low Ε “

»ον’ννννυνννοννυνννονυ

Ian. 1 9‚4848n 0‚5612
11 988291 08890
21 9877911 08082
81 9820811 08699
811110 986271 08262

2) amu 08801
uum 91452„ 11111
11 988881 08992
21 9816811 oms
81 888561 08644

Aps. 1ο 111111 11191

20 8868811 08851Ι

ω 886471 08075
Maj. 10 78175
m 88148 ,

1ο 11111 ,
Iun. 9 &994⁶

19 9‚1271

29 912292 1
lul. 9 98108 ,

1991119

11 11111
Μ 18 886871 ’
11 11111 ζ

squ 91111 ,
91111 ,

11 91111 ,
11 1 11111 ,
11 11111 ,

27 98648 ,
NH· 6 916977 1

16 9,7121 ,

26 9,7877 ,
900. 6 9,7689

16 9,7899 ,
26 98150 ,
³6 958⁸& 0

0809811 18999
080701 18790
0872511 18425
188141 18877
185691 18098

8 ,7878
8 ,9184

90388

180981 08970 98852
amau 08266 98144
1868211 08184 wls
1869011 woh 98898
,1,261911 0862911 98905

184151 0841161 98862
11111. 111111 91111
115511 11111. 15111
1888511 188611 98502
088241 188911 98824

088411 1875111 98128
0887211 189691 98401
9806711 1806111 98667
08562 180881 98915
08281 188821 9,7150

1860111 9,7878
1816811 9,7585
1855111 9,7787
1868811 9,7980
0848211 98164

0846911 98812
084581 98512
08906 98676
08688 98884
08019 98986

11919 11111 11111
11111 11111 19111
11111 11119 11111
19111 11111 99511
11151 11111 99511

111. 111
0848011 18987

08115
18887
18195
18808
18289

11519
11111
11111
11511
11111

19111
91915
(mou

 

