. 5455557555. mm.
55555555 mmmm. 5555. ,

w
Iunius

31575 Vnt.

mm sm 5550 Tang 555. ι 5555 Μ’· ‘¹⁸‘ ’Μ

mannonis

555

55655 55 555555 5555 5575 5555575555755 857,
5555 5555 5555 5555 5575 5555575 55755 5555

0
1
2
3
4
3
6
7
8

5 9

10
11
12
13
14

15
16
17
18
19

21

5575 5555 5575 5555 5555 5555075 5055 5555
5555 5555 1555 5555555 '4627732035
5555 5,555 1,,5555555555 *5355 5555

16,87 40204
16297 5003

17,07 5003
17,16 5003
17,24 5003
17,32 50,03
1709 5003

17,46 5003
1702 5003
1708 5003
1703 5003
17,67 5 002

1701 5002
1704 5002
1706 5002
1708 5002
1709 5002

17,80 5002
1709 5002
1708 5002
1707 5001
1703 5001

1702 5001
1708 5001
1704 5001
1709 5001
1704 5001

5755 5055
57,55 5055

5555 0555 5555 5555555
mmfflfflw
5555 5,555 5 ,555557
5555 02422 5,555 557 5555
5755 5,555 5,555 0555555

5755 5555 5,555 5555555
5755 5,557 5,557 0555555
5775 οζ555 5,557 555 5555
5755 5ζ555 5,555 022862294
5555 5,555 5Ῑο55 6555055

3831 0,431 1089 0080293
3844 0,432 1090 013 6,295
3853 0,433 1090 0,126,296
3863 0,433 1030 0,09,6296
3869 0,433 1090 020662297

3873 0,434 1090 0,,036297
3874 0,434 1090 0,006,297
3873 0,434 1090 0,0“,“2,6,297
3870 0,434 1090 0,,036297
3865 0,434 1,,090 0,,086296

3867 0,433 1090 0,,116296
3847 0,433 1090 0,146,296
3836 0,432 1089 0,1,76295
3321 0,431 1089 0,,206294
3804 0030 1088 0,226,294

5755, 5555 5555 555 5555
5755 οζ555 5,ο57 555 62292

ss‚w÷o
Νο050
46’,32 5022
Mm1÷o2n
0,05ω1“

4602 5020
43035019,
43,84 5018
43065018
4368 5017

0,0500
0,05ω5
0,0500
0,0500
0,5500

43 31 5013
43 26 5012
0,ἃ5ω1
43, 18 5010
43,14 5010

4311 5009
4309 5008
4307 5007
4303 5006
4304 5006

4303 5 003
43, 03 5 004

 

