Tabula. vm.
1831. ⁸

1991 7199 1199 99911 w 11

wwwwww

Jnn. 0 998219 09867 0908911 19999 -οο -000
10 998879 09996 0,8066118,4862 -0,01
20 8996811 09194 0,972218,7873 -o‚02
80 890959 09072 198199 89184 -0,01

89999 &man 0,8987 1,1669n 19095 99888 -0‚02

19 79197. 99999 19999. 99979 99999 -991Ι
911111 99999 , 999199 οξ9999 99111 -ο,ο9Ι
11 99999 199911 οξ9199 99919 -ο99
91 99999 οξ9999 199991 99799. 99199 -999 ⁴
81 8,7834 0,8565 1,261911 056282 9‚3905 -0‚⁰3

⁸9¹{3 99399 39999 191191 991171 99999 -999
so 9ξο791 90ξὲ ῗξῗὲξὲἶ Ῐξῗῗῗῖἶ 0ξέἷέ ἶ3ξ91
1111919 9ξ1911 οξ9797 a 199991 99999 -οξο9

9ο 999ο9 οξ9οο1 , 2 19991. 99991 ..οξο9

9ο 99911 99999 , a 197911 99199 -ο,ο1

, suu. 9 9ξ9999 οξ9999 , ι 19979. 99191 -οξο9
19 99919 99991 , 199911 99997 -οξοο

. 99 99797 99999 , 199991 99919 -οξο9

111. 9 99999 99999 , 19999. 99199 -οξοο

19 99999 99799 , 199991 97179 -οοο

99 9ξ9991 οξ9997 , 191971 99999 -οξο9
1199 9ξ9919 οξ9911 , 199991 99797

1111, 111 ‚ 111 111

9997 99919 99999 991971 99919
1111 111 ,11 1111111
9197 9ξ7999 οξ7999 99999 99911
17 9ξ7991 οξ9οοο 99919 99999

97 99997 99991 ., 19119 99191
Nono 9‚⁷⁷08 99179 , 19119 99979
19 97999 99997 , 19999 99111
99 99997 99919 19979 9
9999 99199 09197 , 19979 ,

19 99917 99119 19997
99 99799 99179 1ξ9999

99 99917 99991 οξ9179. 19999

 

