. ‘ ”, 1999111. 106419ῧ 1114119119 .

pf ζ 4119 1619 “ 19891 881

, 9999

‚ 52,oe

11511111. 911919991 1111419199 1191191. ι 11941191 114494119-
Αρτ. 10 19802 8887 1111910 44821 4670
111. 19 19119 9999 111. 19 14991 4999
9991 19149 1999 91191 44919 4919
09966 19802 4089 09966 44877 4488

1752199. 1178218114 4444185811 1762199. 017847886 -1-14408982
1411910 21‚799 8688 Apr. 10 47,747 8986
1111. 19 21‚747 8787 1111. 19 47818 8884

8788 09927 47888 8808
09966 21824 8886 Dec. 66 47857 8786

17581911, 9117394974 1-14418886 17681911. 0117 850860 -1-14408289
Αρτ. 102 24807 8481 1111910 50886 8281
111. 191 94999 9499. 111. 19 99914 9999
099271 24859 8588 09927 50894 8185
Ι09966Ι 24879 8581 Ι09966 50875 8187

1191199. 911999991 1114119919 11941119. 11119999191114499999
1111. 10 26852 8182 Apr. 10 58858 8688
111. 19 99999 9199 111. 19 99949 9999
99991 99999 9199 91491 99999 9919
099. 661 26897 1 8280 099 66 54808 2680

17551911. 0Ι 17 829854 -1-144127,17 1765 ,199 017 856804 -1-14402137 Ι
1411910 29867 2784 1111910 56‚784
Jul. 19 29882 2788 ,111119 56861
099 27 28898 2784 oct. 27
09966 28816 2787 09966

———. --- .-

1199119. 111991911 Ἰ114419994 1199
11919 91991 9949 111. 19 99191
111. 19 91911 9999 111. 19 99949
9991 91119 9191 99991 99994
91999, “ 91919 9199 99999 99999

,- - - -- ——.-

17571911. O 17 884828 -1-14411689 17671911. 0174 2870
11191. 10 84858 1680 Apr. 10 2821
sul. 19 88899 1685 Jul. 19 2865
09127 88845 1584 09927 2808
099. 66 88800 1486 099. 66 2884

17581911. 0' 17886848 -1-14411081 1768199. 1174 5858 -1-14401085
Apr. 10 86801 9,70 1119910 5‚⁵80
1111. 19 86866 984 Jul. 19 5899
09127 86889 885 09927 5811
099661 86819 781 09966 5815

11991119. 91199999911411 9911199199. 9114 9919 11449 994
1111910 89888 285 119910 8841 9,44
111. 191 99999 119 111. 19 9999 1999

9991 99999 999 9991 9919 1191
91999 99941 499991 99999 9999 1199

 

