'fabula' vm
18330

0.... m 11090 1029 0.... 0

ῸΎὝᾺΝῸΝΝῸὟὟΜΜ

1... 0 99004. 09999 o,9119. 1‚2999 - α) -ὅ,09
90 99999. 00999. 09090. 99799 09909 -0,09
90 99019. 00979 09799. 19990 99979 -0,09
90 99099. 09900 90999. 19919 99994

90009 99199. 0,·9991 99909. 99990 99999

19 919142 ·o,4911 99099. 09979 99999
0000 99079. 09909 09999. 09909 99149
11 99999. oms 99099. 09999 99909
21 99999. 09099 09990. 99199. 99999
90 09999. 09999 99099. 09099. 99999

Apr. 10 858131· 0‚4009 124152 9844st &4862
{3 ffi: 31131 11ἓὲἓί 111111 39111
wffifflffifflffi

90 09499 0090 09999. 99709. 9οι99
sun„ 9 99999 09799 09900. 09970. 90409
19 91119 o,1141 99099. 09099. 90009
29 99099 09999 0909 19099. 90990
90 9 99909 09999 09990 09999. 9,11⁵o

19 99994 99000 o,9119 99000. 99979
29 99364 09999 90990 0990. 99999
wmffifflfflm
29 911129 01979 ’ 09990. 911161

⁸09t·⁷ 95668 ⁰‚¹⁰⁰⁷· 0,7466· 99999
17 99999 09990 09099. 9909
27 9‚⁶076 09099 09991 99000

00 7 9‚6266 9‚9952 00099 99999
17 90909 0,οι09 o,9o19 99990

27 9,6671 om ‚ 1949ae 99134

Nov. 6 9‚6896 09974 , 1,1118 9,9276

- 90 99197 09910 , 99099 99111
26 9‚7s9o oms 13579 99517

Dee. 6 9,165o 0‚1156 ‚ 13379 93677

16 99990 09790 99099 99909
90 99990 09990 09791. 99090 99999 ’

90 99999 0900 0009. 99999 οζ0009

 

