1291110 x 505 ν. a 505550.. .

5550555. 0139'553.÷21'-⁶⁶⁵s'za7 5040550. 5555505504 515551, ¹
,15er ⁵9:151 ⁵‚12 19110 99915 ⁵2 1
50 55 55501 550 11119 05005 550 1
055 55555· 550 50500 05005 550 1
0550 555551 505 ’05550 00550 555 N

55555 2-651 5550 5055555. 0555005050155555001

5 563ῖῦ 53.oe Apr. 10 mss 4⁰1¹*

ιε 55505 5550 50. 50 07555 011

055.- 55555 5505 105507 07555 001
0555 55555 5550 1055501 07505

asena 2:99559116 -1551159 5000505. 0555550555 0055500
³9* 1:- 50550 p . 50505 5055
55, :5 50050 . 0001
0122.- {9997 5050 5 . ,
0555 500 5000 505555 50555 0115

:swa 0505 5055 50550550 5555555. 0555555500 55555055
55 εο 5505 0505 Apr. 10 55550 1911
55 55 5570 0555 50. 50 55505 0017
055· 5550 0555 055.οτ 55550 5511
0555 5555 5500 05555 555001 0551

:ausu 05555 5005505555.οε 5505550. 5555055555 5555 000
Αμ. 10 4,8οῒ . 11.oe Apr. 10 86‚292 1⁰15
50. 19 1.s1.·‚ 5550 50. 50 55550 5106
oms? 4555 5505 05507 55550 1111 =
55555 5005Ι 5557 505550Ι 55550 5501,

550555. 05550 7505 ’.ζῶν-055 ’5505150ἷῖ ’0155550105 ’ζεῖ
550 55 5050 155550 50055 5
-5 . 5555 5555 150, 50 50005 φ,
..0- :919 5555 10505Ι 550005 s*
7000 5555 inmas. 38,875.· 94
5550555. 5555550000 55500550 55551505. 0555555500 5555559
5.,,550 500551 5555 555. 50 05,οπ 92!
111 19 550505 5550 50, 50 55505 5550
050.- 55,00· 5555 00127 55500

lxxx& 1111ἱῖ 4392 Dec. 66

55οἷ55 0 55500005 55555555 5055555. 0555555554 55555555
5-5. 50 55155 0055 Apr. 501 55505 5515
11:19 55500, 5050 Ju1.19' 94‚996 · 1991
055.- 505005 0055 05071 45055 5555
05.ιο 55000 0005 055οῙ 055555 0550

55055. 0555555500550505555 5505555. 5155555554 55555505
55. 50 5.·,05 50.οι 555. 50 0055 5555
50. 50 5.·505 5555 50. 50 55550 5555
0112.- 1:.591÷ 1615 00507 55555 5500

1150.οδ 175ῐῖ91 15.80 100066 46369

550550. 0 55500500 5555 555 5550555. 0155000550 55500050
Α ,101 mss 3197 Apr. 10( 4956&
¹ δ’ 50 eom 555 505 50 50550
91 00550 5555 05505 00500
κῆ 209415 8,32 110066 49,424

⁵199
555501 5555

·1-·-‘-

 

