Tabula vm
1824.

m·

ma m 1555 15577 ma 5

WWUWWWW

¹2 5 751

21 99986
81 §mo

retr. 10 99619.

20 99792
Ml 99979
11 99151
21 sm
81 vm

15915 97517
m 95751

099129 0909171 19999
099179 090679 mm
090859 097289 19126
oms- 198132 1‚1878
099749 ima mom

555175 159955 55971
ἓζέξὲζ 151555 55755

3992 9932 19592

092159 1941571 own
098619 1906871 imm!
098589 195569 ulls·
0,2764= 1,(8859 198629

55115. 595795 15591.

Qiffln 098889 197519
omo· 098689 199699

,9 55715. 55575

09125 9 09285

’ 092809 09118
0967671 19889
omos 1,1196
098819 19809
55555. 15715

 

19168 9
195509
196829
0918071

09467 17
09159 9
09910
09688
09019

15117
15115
13098
15575

557155 15519
81755ῗί 199
οζ1ο55. 15575
098089 mn

991629 19920
naam 1,1828
992019 19169
79867 09225
99608 omo

95577 55195
35ιὸὲὸ 55715. 15555

155575 55157 ,55

5ζ7575
55151
95555

771

918
55

99862
95775
95151
3191

95175
95151
95557

5596
4 o‚05
,7- o‚0⁶

9‚6915 ,1-

9 99150

99878

95555 ·

95757
95955
95151

95515
95515
95575
95551
95955

“ 99181

ww ,

158037 5
55175. 15955 ,

 

