Tabulae X. 8000. V. α Ursae minoris.

110306 Arg. Arg. 04ss · Arg.)
*0452 0 Δις m Arg. malm. AR noct

quw-2- *ew—«mm

000 -8064 600
010 -o‚0s÷ 610

· 060 -0,094 690

030 -0034 530
040 -0034 540
050 -0034 550
060 -0,οι4 660
070 -0014 570
060 000 560
090 000 590
100 4001- 600
110 4001- 610
130 4003- 630
130 4003- 630
140 4003- 640
150 4003- 650
160 4003- 660
170 4003- 670
180 4004- 680
190 4004- 690
300 4004- 700
310 4005- 710
220 ÷0‚⁰⁵·· 790
330 4005- 730
340 4006- 740
’ 250 ÷0‚06- 750
360 4006- 760
370 4006- 770
990 4006- 700
390 4006- 790
300 4007- 800
310 4007- 810
360 4007- 830
830 4007- 830
340 4007- 840
350 4007- 850
360 4007- 860
370 4007- 870
380 4006- 880
390 4006- 890
400 4006- 900
410 4006- 910
430 4006- 930
430 4006- 930
440 4005- 940
450 4005- 950
460 4005- 960
470 4005- 970
480 4004- 980
490 4004- 990

ooo 600 -801 4609
010 510 -033 4001
030 530 -033 000
030 530 -033 -001
040 540 -033 -003
050 550 -“-0,31 -003
060 560 -030 -004
070 570 -0,18 -004
080 580 -0,17 -005
090 590 -0,15 -006
100 600 -0,18 -007
110 610 -0,10 -007
130 630 -008 -008
130 660 -005 -0,00
140 640 -008 -008
150 650 000 -008
160 660 4003 -008
170 670 4006 -008
180 680 4008 -007
190 690 40,11 -007
300 700 4008 -006
310 710 4005 -0,

330 730 4017 -0,

330 730 4019 -004
340 740 4030 -003
250 750 4031 ..0,02
360 760 4033 -001
370 770 4033 000
380 780 4033 4001
390 790 4033 4003
300 800 4031 4003
310 810 4030 4004
690 690 4008 4004
330 830 4007 4005
340 840 4005 4006
350 850 4033 4007
360 860 41410 4007
370 870 4008 4008
380 880 4005 4008
390 890 4003 4008
400 900 000 4008
410 910 -008 4008
460 960 -006 4000
430 930 -008 4007
440 940 ..001 4007
450 950 ..0,13 4006
460 960 -0,15 4006
470 970 -0,17 4005
480 980 -0,19 4004
w w ‘⁰9²⁰ 4⁰2oe

 

