Tabula lx. 3311111111.

’ 717313131111111311111 011 D pro- 11111111 diebus.

11111113. Augustus.
Lug. 0 Log. D Iaog. 0 11041)

1750 1850 1750 1850 1750 1850 1750 1850

, 004096 04127 080281080281 00580 00586 0206811020601
133333 33311 1,3313.1,3311. 13313 13313 13333 13333.
205020 05045 0800111 mono„ 00718 00718 019481019451
305416 05489 029881029871 00800 00805 018881018841
405778 05799 029781029721 00884 00888 018251018221

506111 06180 0295810295711 00965 00969 0176011017571
606419 06487 029411029401 01048 01048 016981016901
706705 06722 0292811029221 01119 01124 016241016211
806978 06989 029081029021 01198 01197 015581015491
907224 07289 0288811028811 01264 01268 014791014751

’10 07460 07474 02861110285911 01888 01886 014021018981
1107688 07696 028873 0288611 01899 01408 0182811018191
12 07894 07906 02818110281111 01468 01467 012411012871
18 08094 08106 0278711027851 01526 01529 011561011521
14 08284 08295· 027591027581 01586 01589 0106811 0106411

15 08465 08476 0278110272911 01644 01647 009771009781
16 08687 08648 0270011026991 01700 01708 008881008791
17 08802 08812 0266910266711 01755 01757 007861007811
18 08960 08969 0268610268411 01807 01810 006851006801
19 09111 09120 0260111025991 01858 01860 005801005761

20 09256 09265 025653 0256811 01907 01909 004721004671
2109895 09408 0252811025261 01954 01956 0085911008541,
22 09528 09586 0248911 0248711 01999 lm 002421002871
13 33331 33333 1311013113. 13313 13313 13111.13113.

1133133 33133 13133.13131. 13331 13333 3311033333.

25 09910 09907 028621028601 02126 02128 098681098581
26 00114 01021 02817110281411 02165 02167 0972611097211
1113113 13131 1311013331. 13331 13331 3333033113.
28 00282 00288 022201022181 02288 02240 094851094291
29 00885 ,00841 021701 0216711 02278 02274 092791092781

,0484 00440 02117110211411 02806 02807 091171091111
,0580 00586 0206811020601 02887 02889 089471089411
,0028 00628 021061 020181 02867 02869 087681087621

 

