’16146166 X. 8664. V. 11 Tauri.

4666466. 6166414644 648 16666 4646466. 4 16641666 446 41
466. 46 46666 6666 4664 46446
464. 46 46666 6646 464. 46 46646
66664 46664 6666 66664 46646
66666 6664 6664 66666 46444

18811644. 0 42618890 ÷16 994,67 1841111. 0 42648821 -1-1611
Apr. 10 18298 8488 Apr. 10 48903
Jul. 19 18,902 85,07 Jul. 19 48,979
06627 18116 8587 06427 ,49048
116666 18086 , 8575 Ι 116666 49,110

-α--αφ-,ρ--ι

46661466. 4 466 46666046 64646 4646466. 6 46666664
466. 46 46446 4664 466. 46 66646
464. 46 46664 4466 464. 46 66664
66664 46666 4466 666. 64 66664
66666 46 646 46 46 666. 66, 66 666

9.- ‚ 4· · ³

4 · 4 ¹

4644466. 019699009÷1610 466 4644466. 4146666Μ644 44644
Ap. 4,08 4164. 410 59 587 J
466 464. 49 66664 :

6,64 664 64 66644 :

4466 66 64664 6’44 4466. 66 66 466 J

4646466. 6 46666446 446464466 4646466. 6464 6644 '÷1611.
466 46 66 446 44 46 466. 19 6666

26 506 15 54 161. 19 2844
26 550

1886166.1426800144-16102461 184651m 0 ÷1611.
Anp 410 30072 25,36 ¹
Jul. 19 80,187 26,08 ,
06627 80,208 26,76 ’ .
116666 80,286

4664466. 6 46646 6661646 466466 4644466 6 464 6666 ,64646

4664616666 6666 41646 66661 ι

46146 66666 6644 464 46 9'091 ι,
l

00127 88951 86,69 06127 8987 1
116666 84 047

1888166. 0 42687,445-1-161044,79 1848116461 42712,848’4-16111

466, 46 64644 46, 66 466. 46 46646 ⁴
464 46 44644 4666 464. 46 46, 446 4
666 64 64’ ,446 46’ ,66 &L 46 ,666 ff

Dec. 66 87 848 4612 [16666 11919

46ὦ146ΤΓ4-’666646 mim} 4646666 6 46446 464 *LA-1117
46646 44646 .,6464 46646 46666 ¹

Jul 19 41451 5418 11411. 19 15180

06127 416521 5418 06627 15,082
06666 41652, 5416 Dec 66 14 987

 

