Tabula vm
1842. ’

0,.,9 1„th '¹⁴09ss 903.» 193„ 9

061870 0150860 02999 -1-0,04
061710 08ω50 02791 8,4802 ψο04
062020 097220 02427 07878 4005
008860 008120 01879 09184 -1-005
065160 001508 01095 90888 -Ιιο,05

066290 020980 09972 01852 4005
067040 024880 08209 9,2144 ψο05
067260 0296820 05189 02818 -1-004
000880 026900 027480 08898 4004
005880 026190 050280 08905 4004

064150 024150 084470 9,·18ἅ -1-0,04
061860 020680 001480 04776 ψο04
059090 015560 011140 05154 -1-004
055990 008840 018020 05502 ,9004
052790 098210 028910 05824 ψο04

049740 08887 087510 06128 4-004
047160 058640 029700 06404 4 004
045820 9, 90240 080610 9, 6667 4 004
044880 08578 080820 00915 4 005
004488 07288 088820 9, 7150 4 005

045210 09119 025990 07878 ι1-005
040610 00840 02167 n 9‚7585 ι1-005
004825 01196 015490 07787 ι1-005
049840 01810 006810 07980 4005
051090 02240 094290 08164 -9005

051770 02519 074660 08842 -1-0,05
051720 02605 084520 08512 9005
050810 02688 00912 08676 4005
048940 02572 06688 08884 ι1-004
046070 02825 09019 08986 4004

99999. 99999 99949 99994 9999
99795, mm 1,1419 99999 9999
99999. 99999 99999 9999
99999. 99999 9999 9999
99999. 99999 19979 9999

99999. 99999 19999 , 49⁰⁵
99999. 99999, 99999 9999
99999. 99991. 99999 9999

,ξ

ἓ

ω
9
19
29
9
19
29
mss
28
7
17
27
7
17

ἒ

&aa {83}ss

 

