Tabulae X. 8999. Ι. 19 Capricorni.

1150111. o 99 ’597599 ..19 1'5 6959 1760111. 9 6ο ’996559
Apr.10 47,409 3666 Apr. 10 16684
99. 99 99999 5955 99. 19 95599
001. 99 99595 5995 959 99 95599
99966, 47974 8646 99966 16696

995999, 999 5599991-95 9599 55 1761111 ο 55 999599
Apr.10 50,695 9674 Apr. 10
11119 59559 9999

9999 59599 19 59

99966· 66666 19,09 Dec. 66, 99966

995999. 1¹20 555995 -95 95 555 969111 999 995, 599
Apr. 10 58,865 649 Apr. 10 96666
111. 19 55595 5,9ο 99. 19 25‚787
95559 55999 9,95 9599 95599

99966 66647 7,49 Ι999 66 96916

Apr. 10 66999 67,04 Apr. 10 29,317
Jul. 19 66840 6689 Jul. 19 99413
09997 66 ,746 6689 eom 29‚511
999. 66 66647 6689 99966 99,611

95’ 55 Api. 1⁰ 55 599
95’59 111. 19 55’ 999

55 995
99 95 nec 55 59595

17669959. 0904 9979 13143679 1766 6959.. 0 90 486690
919910 9878 37,04 915910 86717
Jul. 19 2,769 87,49 Jul. 19 36811
09997 6667 87,86 09997 36901

. 3686 99966 › 86987

17691Α99ῐ 109041ΞΞ3Ξ8-1314 4,66 1769199. 090466889
Ρ

111 19 16914
09997 16918
99966Ι 16931

-999

 

