’1111111111 X. 811111. a 05111111.

’ 1111111. 1182151119181111819 1151111 1112522115 121211
. 18 119 884 ²
211 1121 22255
·8,19 01166 mss

121295151 1151111. 1152521519 121211
5111 111. 11 21921 ·

1112111. 11525 2151 1212911511 1122111. 1152521551
1111 11111 21155

17781111. 01525 5,004 -1-27298088 17881111. 0152580878 127211
3⁰‚62 111110 80854 ἱ
8110 1111. 19 80827
8152 . 01127 80898
8188 01166 80767

.----·-

17741111. 01525 7848 -1-27291974 17 121. 1152581280 -1-2726ἱ
111110 7765 1986 111110 88846 1
1111. 19 1091 1971 1111. 19 · 88408
01127 1021 1989 01127 81465

011661 6855 2080 1011-66 88518 1

1115111, 11525 9,512121291,55 11551111. 1152555155121251
1411110 9849 7,41 111110 86885 4
Jul. 19 9591 1111 111. 19 55125 1
11121 9995 192 11121 55155 1
111155 9291 1,11 111155 55195 1

17761211. 1152511841 127285161 17861111. 0152588722 -1-27261
11111. 10 11800 54,41 11111. 10 88749 1
1111. 19 11765 5474 1111. 19 88768 ’ 1
01127 11788 5882 01127 88781 1
01166 11717 5882 01166 88786 1

17771111, 0152511258 -1-27 284084 1787111. 01525418211-1-27 261
1111110 14842 4081 111110 41822 ‘
1111. 19 11284 4082 Jul. 19 41815
01127 11284 89,49 01127 41802
01166 11240 8880 01166 41280

1115111. 1152515112 1212112519 1155111. 1152515115 121251
1111110 16782 2588 111110 48797 1
111. 19 15512 2529 111. 19 11151 ⁴
eom 15121 2155 1121 11125

01166 16860 2884 01166 48679

1119111. 1152519151 1212511115 11591111. 1152511251 12125
1111 19121 1115 111111 111151
111. 19 191151 1112 111. 19 15121
11121 19512 991 11121 15151
01166 19866 888 01166 45898

μ

 

