’11611111 X δια. V. a Arietis.

1111111 111111111111161611 1111111 1111161111 ”
1,»1. 10 11171 1111 {AF-¹ 10969
999 9:9⁹1 39 191 99}
192666 96‚061 1111117 11511

1891111 0 16799,169-1-999996,41 11111111115111111 42299
Ap 1· 10 99 960 ,10 199” 9
111. 19 99969 96991111114967
011. 97 99,160 ἐξ 066'27 14,196 .

01166 99079011· 11907

’1“111ὶ1ἷ1. ’1 Ῑ1711ζ1161111111111 1111111. 115117511111111

1111. 16 11175 9299 1661 17‚611
101 mm m1 mm nm

Ι01197 49990 99,oe 0627 17929
111166 19169

..- ----. .---—.-—-

’1111041111 0 16746,646-1-9940 0,60 190111. 016891,114 -1-9943
⁵³¹”1‘¹⁰ 15111 111 1610 11151
Ι111. 19, 46949 0,99 1111 19 21191
11111171 96'901
[1111611 46971

1111111. 111711711111111171 1111111. 1 11111511 ,111111
1113113 2333 1117 16110 11571,-1
1

1

. -1-99409776 1846’.1111 0 16697896 422939
1 · 9891 Apulo 97’,869 2
. 8899 1111. 19 97 891
01197 69996
..111166 §2969 , , ι ,

11111 55 551
11111 55 667
00197 66'667 69'17 01117 16177 ,
96666 11711 5911 90066 11711 0

11171111. ο 11711171 ÷29911692 1617166'. 1111111111
{191 10 69'119 17 69 196 10 91991
111. 19 69'929 1111 111. 19 99'996
01117 51115 ’11 01117 11117
Dec 66 11111 9'60 Doc.66 11711

. θ 1898'.Jan 11151 1711111111111 11111111 1 1111711ο 11111

Apr. 10 9916 9799 Apr. 10 97 086
111119 9911 97,80 1111. 19 96979
,(1ἕὶ11 1131 661 399 11611

1699'166. 11151 1111111115111 1111111. 0 1510161111111
Apr. 10 6997 66,61 111110 9o,054 9
961. 19 6‚699 6697 111. 19 99960 1
01117 1711 5711 0117 11111 1
190666 1111 1171 111111 11711 1

 

