’1111111199 X. 8991. 1. 9189111111.

1199119 9111119119 -91911619 1199111. 1111119911-98991
1991 9999 911 111. 19 12,619
111. 19 9991 919 111. 19 19999
9991 9999 919 09191 19991
Dec. 66 2568 228 099 66 42686

1191191. 9191119911·-999119,19

1191. 191 19999 .,

111. 19 19199 1191

9991 19191 1119

119999, 19111 1999 11119991 19999

GM}

111910 15,786
1111. 19 15680
09927 15,615
09966 15,541

8111. 10 19‚137
1111. 19 19‚051
09927 18,958
09966 18858

1191191. 9191199919 -99919999 11911111. 1191199199 -99 99
111910 22489 84,88 111910 58288
111. 19 99999 9191 111. 19 99919
9191 99991 9999 00127 99199
111999 991911 9999 111999 99999

17551911. 0161422796 -25514269 17651911. 01615 2178 -2558,
Apr. 10 25,681 4289 111910 2288 ,
111. 19 25,566 4217 1111. 19 2896 ἱ
gouz} 95,451 4202 09927 2502 1

99 1

25‚336 41,95 09966 2605

17561911. 1191199995-99519999 17661911. 01615 6228 -25 58.
Apr. 10 28912 5⁰‚91 Apr. 10 6,824 1
1111. 19 28808 50,96 1111. 19 6,419
09927 22697 51,Οὸ 09927 6,509
09966, 22596 5229 09966 6594

Ἵω. 9191199991-9999 0‚17 1191191. 9191919919 -9999
191. 10 99199- 919 11919 19999 ¹

Jul. 19 82092 0,74 1111. 19 12872
09927 82009 1,12 09927 10,487
Dec. 66 82988 1,57 09966 10,494

11991119. 9191199999 -99991991 1199111. 1191911199 -9999
Apr. 10 35,538 10,86 1111910 14179
111. 19 99111 1119 111. 19 11991
99 91 99319988 1999 001. 91 11999

09966 1265 099 66 14274

17591911. 0161482047 -25522186 17691911. 0161517,921-2558
111910 89011 2204 Αρτ. 10 17‚936
1111. 19 82986 2274 1111. 19 12940
09927 82970 28,47 09927 12984
09966 82965 2428 09966 17916

 

