Tabula vill

1708.

w w m m 7.... 9

wwwvwww

5... o 97775. 95579. 9,.5795 79995
79 99959. 95595. οζ.5979 95759

20 9872275
80 9617675

988117 9759727
0894051081575

1,2425
1,1876

rem 9065675 0,9071751,157075 1,1092

19 8,1766
815561 95905
11 97848
21 99186
81 90182

Apr. 10 90988
5 99
Mai. 10 98151

20 98792

80 94892
lun. 9 94946
19 96458
29 95909
Jul. Ι9 96916

19 96671
29 96981
'³⁰‘ 13 {³3}ss}
28 97678

7957 97595
77 97997
57 95997

oa„ 7 95557
77 95995

27 98582
Nov. 6 98747
16 98925
26 99112

Dee. 6 99805
16 99499

99799. 75999.
99757. 75955.

0,9968

99959. 79557. 95759

οζ.9955 75599.

928447

0,98885 1,261875 9568075

0,984975 1,241575 984465 ,
1,104675 ,
1,111275 ,
1,18615 ,
9914175 0,982575 1,289077 ,

19275078 ‚
189690 .
18061 7 ,
98088 75 ,
433881 .

1 ,280175 ‚
1,216975 ,
1, ’1552 n ‚
106847 ,
0 ,948475 ,

97977. ,
Ι

0,928875 1,206875
0,921075 1,155675

99759. 79555.

0, 8978 75 98848 7
98980 75 95878 75
98918 75 99098 75

9894275 98550
98998 75 97226

0,908275 0,9112
0,91845 90885
0,9295 75 1,1198
0,9408 75 1,1808

9995. 79759

0,957175 1,2518
0,96165 1,2664
0,968175 1,2082

99575. 75577 ζ

0,956675 1,2824

0,94945 1,1919 ,
0,940675 1,1822 ,

0,981875 90466
0,922875 omo
9916875 97252

0,912975 98205

··· ω
8 ,4862
97878
8 ,9184
90888

9 1852
9, 2144

9:2818

99757. 99759. 75955 ’
0,9171. 9648575 1,2887 ,

-0,08
-0,02
-0,02
-0,02
-0,02

-9,95
-ο,97

 

