Tabula Vlll.
1705· .

19691 19993 19990 lugd> laga E

,ΜΜΜΜΜῸΝ

99999 999999 99996 99996 ·-ω 9699
99999 999959 999999 99999 99969 9999
99999 999996 999999 99999 99999 9999
99969 999699 999999 99996 9999
99969 999996 9ζ99999 91999 , 9999

99602 096879 190949 09968 , 40,OE
99087 096019 lmen 09864 40,oe
9‚4401 09688 n 196889 06180 -Ι- 008
04718 096449 196909 9984299 -Ι- 001
05085 0961799 lfflss n 0568099 Ι-9001

99821 096699 194169 084469 , -1-001
99688 094769 190689 190469 , 4001
05988 098741 195669 011129 , -1-001
. 99258 offla 198869 198619 , 4-001
20 99679 091669 0989599 198909 , ιΙ-0,01

99996 999699 999999 999999 , 9999
. , 99996 999996 999996 999696 , 40,oe
99999 0'89502291229096 999699 , 9999
99999 999996 99999 99999, , 9999
99996 999996 99996 999996 , 9999

99887 09027 n 09118 196019 ,

99640 091089 19886 191691 ,
. 99728 ,091889 1,·1198 ,

99891 omn 1,1808 ‚

99088 098489 mss)

99969 999996 99999 ,
99999 999996 99669

99999 999999 99699 ,
99996 99999. 99699 ,
99699 999996 99999 ,

99999· 999969. 99999 ,
. 99999 999996 99999 ,
99999 99999. 99966
99999 99999. 99999
99996 996996 99959

00481 0968999 08806 ,
00688 0960). 007889 19056 ,
00728 086149 064869 19987 ,

 

