. Tabulae X 8666 Π. α Hydrae.

-,7’467’764 7766766 7 §ma-eso ⁰ '

pr 10 66776
761 19 28, 686
Oct. 87 88; 536
Dec. 66 88, 448

38 49 Oct 87 1,980
37 77 Dec 66 8,037

1786166. 0 917 4967- 7448

p· 7 r P· 6 ”

Oct. 87 33, 895 51,01 06687 5,105
Dec. 66 33, 847 50 ,30 Dec. 66 5,137 8
1777766 0 91636810- 748 5,69 17873677. 0 917 8,075- 7444
..p 5,00 Apr 10 3108 4
Jul. 19 36, 738 4,33 Jul. 19 8,180 4
Oct. 27 36,705 3,70 06687 8,130 4
Ι06666 36686 3,09 176666 8,132 4

7776766, 6 91699‚640!-74219,45· 7766766, 1 91711‚080 - 7447
Apr. 10 39,627 17,87 Apr. 10 11,076 45 :
767, 76 76677 7777 767 76 77664
6667 76676 7664 66677 77644

66666, 76677 7646 ,66666 77 676

7776766, 6 67647667 - 7477776 1789Jan 6 67777 674 746 A
Apr 76 47566 6776 ‘prA 76 77 676
, ,- 7666 767. 19 77 667
7666 66 67 76646
900 66 46 666 7646 Dec 66 77 7671

 

