Tabulae X Sect.1.'a Aquarii.

1750'Jm.0'2152'67‚198 1011004 000οοιο 12199'21,-016 1000
18,42 Apr 10 26,081 8

17, 96 10119 26, 052 8
00027 57 208 17 54 001. 27 26982 4
000. 66 57,195 17,16 00066 26, 120 4

0000000 00000 0000 191 004 000160. 0000000000- 0000
Apr 10 0269 805991 01ρο 10 29’,286

10119 0,242 59,68 Jul 19 29,286 2
59 41 00127 29848 2
59,25 000, 66 29,406 2

000οΙ”0000 0000- 0004000 0000000 0000000-404 000
Apr.10 8 217 42,14 Apr.10 82 589
161 19 6'160 . 4οὀ0 00. 19 00000

00127 8,097 4210 00127
00066 8926 4218 000 66 82,771

17531000 02158 6,187-18025,10 1768100. 0215885,829-1274
’ Apr. 10 6,062 25, 22 Apr. 1 85, 914
Ju1.19 5982 25,40 Jul. 19 86901
Oct. 27 5, 898 25,65 Oct. 27 ,
00066 ’ 5909 2596 00066 86,188

1754100. 02158 8926- 180 8,80 1764100. 1215389288 - 1278
. Apr.10 - 8984 9,15 Apr.10 89,881
Jul. 19 8,740 9,55 Jul. 19 89,428
’ 00027 8,644 1090 Oct. 27 89,415
00066 8,547 1050 00066 89607

000000. 0216311661 - 0000000 0000000. 0000040000 - 1271
16110 11, 669 00,οι 16610 12‚761 ·
111 19 111172 0400 00. 19 40040
00. 00 11, ’000 6196 001. 00 40 000
1000001 00000 00 61 000661 400οο

1756100. 11215814-401 1298895 1766100 0215846068- 1265
11ρο.οῙ0 14909 89,oe Apr. 10¹ 46,148 5
Jul. 19 14921 89,67 Jul. 19 46 222 5

0000 04000 4000 0000 40000 0
00000, 04000 4ιό4 Dec 001 40000 4

1757100. 0215817,17112928,76 1767100. 0215849,421 1268
Apr. 10 17,096 24,45 010010 49,481
Jul. 19 17,027 2514 Jul. 19 49,588
00127 16,965 2591 00127 49,578
000. 66 16,910 26,48 000. 66 49,616

1906] 66 19 004 0οζ00 000οἶ00 00000

1759100. 0215822958-12854,41 1769100. 0215855 854 1255
Apr. 10 , 22989 5495 Ap r. 10 55 ,855 5.“
10119 22929 55,44 1011. 19 55948 5.
00027 22928 55 89 00127 55982 5·
00066 22985 5629 000. 661 55’ ,807 5

 

