Tabulae X. 8444. V. α Aurigae.

4444444. ο 81 44444 48444144 44444444 44448444 441444.
1813 88ἓὲ 881 1813 888
44444 4444 44144 44444 44444
04466 8820 4510 044. 66 58, 601

4444444. ο 4444444 44444444 4444444 ο 4444444
44ζο4 441444 88838 ’
44 44 oct 44 44444
4444 —nec 44 44 444

18881444. 045,420555 -4-4549 1,78 18488444. 0
Apr. 10 20898 p
Jul. 19 20‚448 8,16 Jn1.19 7,471
Oct. 27 20805 8,92 Oct. 27 7,484
04466 20879 4,72 044. 66 7,484

‚ 18841444. 0 5424802 -4-4549 885 18441444. 1 5511808 44549

Αρτ. 10 24884 985 Apr. 10 11895
Jul. 19 24,779 1086 Jul. 19 11874
04827 24887 1187 Oct. 27 11841
044. 66 24806 1289 044. 66 11,795

Oct. 27 29 882 18 57 Oet 27 16084
044 68 29895 1982 Dec 66 15947

.-..-...--...-,.-,,

44451444. ο* 4 4 44444 444 44 4444 844444. 4145 44444ίῖἰῦ
Apr.10 44444 4444 Apr. 10 16‚175
Ju1.19 44444 4444 Jul. 19 44444

18361an 1 4444 444 444444444 4444444. 0 4444444 44444
4444. 10 44 444 44, 44 Aps 10 44444
4444 44 44 444 44 44 Jul. 44 44444
4444 44 44, 444 4444 oct„ 27 44444
{Dec 44 44 444 4444 444444 44444

4444 444 ο 4 444 505 44549 4444 affl 5444444444444
44 444 44 444 444 ,

44444 44444 4444 44444 44444

444 44 44444 4444 444444, 44444

18881444. 0 5448828 4454986817 18481444 1 5528869 -4-4550
4144410 48 458 8681 Apr 10 28281
. 4 8788 Jul. 19 28‚091
8780 Oct. 27 27 949

87 45 044 66 27805

18891444. 05448815 4454194187 18491440 5582269
4· · Ι 44 4
4184 . ,
⁰ ³ 5 ¹ ²

 

