Tabulae X. 833311. α Virginiu. .

,3 3-3”,737 7333 71337-333-3773 77737173 73337- 75771335
73773373 7333 7, 333-333 -3,73 7777 73 33333 5733333
3370373733 - 1‚96 -333 -3ῖ73 7773 73 735737 57 53333
3377373377333 - 337-733 -3773 7773 73 753337 53 77733

3373370 - -72 77 7333 333
73 77373 7333 - 733 -733 -3 73 7773 73 35ζ7337 53 3373

3737177373 7333 - 333 -733 -3’73 7777 73333773 53 33373
77 77337 7733 -7337-773 -7 73 7773 73373373 5377337
37 773737733 -7737- 33 7773 7773 73373355-73 3 3335
37773337 33 -7333- 73 377 7733 73373333 . 335337

7737 73733373 377773

7777373333 7 33 -7333 - 73 77 77 7733 73 733733 7 3353
33173377 7 33 -7335 - 33 77 77 7733 73 773333 733373
7373777 7 73 -7335- 73 7377 7737 73533335 7777735

7777373773- 73 -73337 33 73 37735 73533773 33333
3373373- 33 -73377 73 73 37733 73533737 373333

7737 73533553 333337
3373373- 5,7 -73337 3,7 73 37733 77 37337 353377

h 3173377- 33 --73337 33 73 37733 77 53335 377373
73777377- 33 -7333 7 73 73 -7 7733 77 33337 333333

,373-3437333

u.. 9.÷1‚759 -733 -7737 7 53 77-7

19141353 -10,8 -10319 7- 670 74-1 mei reducto addendum 3377

3377373 -773 -7337 7 33 73 -7

hg, 8{÷¹‚433 -10‚8 - 9744 7 6,3 73-1 ante ÷ 1
187173ῗὸ -1070 - 878217- 6‚0 73 -1 0⁶³· ¹2 ξ ÷2
2⁸¹÷1‚2³4-8‚6 - 33717 53 73-7

ῃ 7171357 - 63 - 77317 73 72-1
17 ÷1‚1o4- 33 - 7337 83 73-7
2741,082-0‚4-7‚0841‚6÷1 0

η7-7-1396733-732-ο371 o
17 773537 33 - 7331- 33 ο 3

ιγ’-7135571773 - 731- 53 071
bv. 7773377773 - 337 - 33 -7 77
737753377373 - 3337473 -7 73
7 3377337 7353 -7333-733 -7 73
u. ⁶÷z1a¹÷220 -12‚07-16‚3 - ÷s

73 73777 7373 -7337 -733 -3 73

·· 3377377717333 -7337 ..733 -7 73
= 3373375 7333 -77,73 ..333 -2 77

77

In 373337. ,1377 et Febr. 73337373 bissextorum legitur (1177 insequens.

 

