Tabulae Χ. 850115 71710110. Ι

1750111. 0115111510 51101555 1750111. 1115115550 51 7' 55
115010 41522 1551 1501110535 655
111. 15 11555 1555 911. 19 10555 515 ,
0057 51515 1555 0057 10550 55 3
Dec.66 41‚4o6 1555 ms, 10755 550 ,

17511511. 0118744536 48 95555 17611111. 0113813589 ÷3 64551 2
Apr. 10· 44516 55,28 Apr. 10 13584 .
1111. 19 44587 5557 1111 19 18535
00127 44550 5551 00127 13593
00066 44505 5551

17521511. 1113747546 -Ι- 3 93557
Apr. 10 47595 3551 Apr. 10 17529
sul. 19 47588 8550 1111. 19 17502
00127 47573 8654 00127 17580
110066 47501 3654 00066 17563

Apr. 10 50575
1111. 19 50595
00127 50510
00066 50520 1856 00066 20514

-α--ιοι-

1751115. 0115755575155 55751 1751111. 1115551505 55 51055
15510 55555 5557 15110 50101 5555 ,
111. 19 55550 5555 11119 51555 5550 ,,
01157 55555 5515 0557 51555 5551
05155 55555 9 055 Dec. 66 51575 5550

1755111. 011575555155 55550 1755515. 0515557570 55 51755 2
119¹ 551 55 -
01157 55555 5115 05157 57555 ζ 3
Dec.66 55572 4252 000661 27518 ,

{amas-1923 55 55151 1755111. 011555051155 15550 “

Apr. 10 58586 2256 19110 30589 5454 ;
1111. 19 -58550 2256 1111. 19 31562 5451
00127 58568 2354 00127 31580 5351
00066 58590 2451 00066 31592 5854

17571111. 01138 1540 4 8 8 855 17671111. 0113834597 ιι- 8 48852
115010 1565 459 1010 84554 ’ 8257
1111. 19 1596 450 1111. 19 84506 8257
00127 1537 556 00127 84549 mo
00066 1585 “ 559 00066 84585 sm

..—

17581511 01188 4527 58 74559 17681511. 1118887598 4· 8 41151
Apr. 10 4579 4558 Apr. 10 37529 1152
1111. 19 4589 4558 1111. 19 37552 1159
00127 4507 4652 00127 37566 1050
110066 4584 4657 05066 87571 1057

1759 11111. 01188 7516 48 72652 17691011. 0113840595 -Ι- 8 85058
Apr. 10 7599 2653 Apr. 10 40‚795 5054
911. 19 ⁷‚490 1555 11. 15 10555
0057 7550 5555 0057 10755
00066 7599 2652 00066 40542

 

