Tabulae X. 899101. β Genium.

97991799 ο 79191999 9989659199 99999 0111 99161299
191 999 99 191 979

09927 27987 67,48 0927 8986
09966 27928 6797 09966 8948

1791199. 0 78280955 «928804998 1801199, ⁰ 788 6998 42829.
115910 80948 4997 3151· 10 agl .
6991 8388 1686 9996 7998 ἶ
09966 80994 4991 09966 7,447 1

979979. 1 79294922 4289011‚41 1902111. ο 7991109949119
11:11 1111 188
4216 09127 11,417
4294 09966 11916

1798199. ⁸ 78287988 mmm 180st 0 78816971 -1-2829
191, 10 97,171 9999 Α 919 95957
Jul. 19 87965 8698 Jul. 19 15‚856
09927 86964 8698 09927 15,489
099. · ο 86969 8698 099 66 15,615

9799999. o 71940‚519 Ἷ99999997 999999, 1 19119179 42929
19910 40998 2991 Αρτ. 10 19249
111. 19 4o‚115 9999 99. 19 19911
09927 40941 80910 09927 19964
09966 40,275 8115 09966 19909

1796199. 0 78248985 9211802298 1805199.
Apr, 10 48926 p
Jul. 19 48975 2448 Jul. 19 28948
09927 48986 2597 09927 28966
09966 48907 2698 09966 28978

1191111. 1 79217‚504÷991017‚91 ΜΤ.. 079921‚959
Αρῐ. 10 47982 1895 Apr, 10 26‚859

Jul. 19 47,471 1994 Jul. 19 26949
Oct. 27 ’ , 4⁷,471
09966 47981

———-——-——-—-—-———-—- —-

17971911. 0 78251964 -9-28801296 18079199. 0 78880996 4282ss
Apr. 10 51982 18,61 Apr. 10 80,4⁵6
Jul. 19 51909 1498 Jul. 19 80‚⁴108
00127 51947 1491 09187 80949
09966 61994 1695 09966 80988

17981977. 0 78254966 42880797 1808199. 1 78888994 .
Αρῐ. 10 66920 798 719910 88920
Jul. 19 65982 8,54 191. 19 88988
Oct. 27 66952 9,05 09127 88949 ,
Dec.66 55981 9,50 09966 88952

9799999. 917995999999999 997 1909 Jan. 0¹79917‚979 99999
Apr. 10 68976 , 198 Apr. 10 87972 ’
111. 19 59995 999 11119 97‚166
00197 59‚161 9911 9997 97959
09966 69962 2,62 1099 66 86941

 

