Tabulae X Soet. [v. α Lyrae.

1316 1316 13,,ξο mm mm·

mmmm mm

,,-761436 ‹iffi-³12 41161318363633374383618393

.,,-6884138 3,98 -,308-1421811 30384134
,4264184- 801484 1-421812 30384431
.’221422,4- 936 469 1-421813 30384728
33794253 -1838 23-,8 -2421814 80386026
1816 30486824
37064287 -14,60 1884421816 80485622
34064389 -,1614137-241 1817 80443920
3,-0884884 -17,-23 80 -2 411818 30486218
33414382 -1874-2,-1 411819 30486616
3,,6754334 -18ζ64489 4018 30586816
1821 80587114
3,908 4388 -16,964 9,6 -2 01822 30543413
,2314313 -,1673414,9 -2 01823 30687712
,,6404293 13-,99419,6 -2 01824 30588011
,,8274274 -11,,834234 -2 01825 3103310
’0874243 - 932 4285 -1 01826 3188610
1827 8143910
’31242ομ7 6,,634287 -1 01828 3189210
:‚500 4186 - 8674380 0 01829 3189610
’,643 4180 - 868 4386 0 01830 31189810
’,7404 73 4 8624381 0 0
’,788423 4849429341 0

3661332 “

36 68169
36 68109
87 8062

87 2398 ’

37 6317
37 6333
3711364
3711311
3717,77ο
3738733
3713633
37 76666
37 mmo
3732616
3736334
3738671

· 37 41368

37 44346
37 48634

3786- 28 ÷ 8314173 41 0 316 reducto 66666661 em

;,731-7,7 41892 4243 41 0
4632 -183 41826 4213 42 41
4487 4186 41828 4184 42 41
1303 -280 41894 414,7 42 41

4087 -288 41821 4186 42 41
,848 -24,7 41806 4 83 42 42
,594 -263 41847 4 13 42 42

ζ637 ἶ14ζ1 413ζ93ἶ 7’,3 4143

3364 -21,9 41896 -11,9 42 48
3349 -187 41856 -163 42 44
1480 -14,7 41871 -284 42 44
3365 -10,1 41848 -24,0 41
3379- 6,1 4 932480 41

43614 02 4 736 -133 41
13334 6,6 4 863 -363 646
1366 4187 4 833 -313 646

,31163 Jm et Febr. annorum bissextorum legitur dies imoquens.¹

 

