Τ91111199Χ. Soet. 1. y Pegasi.

1119191 9 1691991 1191111111 1119111. 1 1611991 11919

1111 91119 1911 11119 19991

· 11119 91199 1919 111. 19 19191

91191 91111 1919 91191 11111
09966 24046 4001 09966 68,140 1
1111111. 9 9991119 11919 919 1191111 9 9911991 11911

Αρ9 10 27014 0,46 Apr. 10 56284

111. 19 91199 999 111 19 11911

91191 91199 991 91191 ,11919

· 111111 91119 111919 91111 19911

1119111. 1 9999191 1191111999 9919199 11911.
111910 80098 1902 1111910 59079 .
Jul. 19 99154 1926 1111. 19 69042 ,

091.27 80002 1805 09927 59011
09966 80,842 1800 09966 59086

17681911. 0 0088085 1181811809 17681911. 0 01 2788 -1-1851
1111 11111 1111 111· 11 {3111
111 111 33:33 012⁷ 211⁷

Dec. 66 88,141 01966 3066

17541911. 0 0086241 -1-184856,71 17641911. 1 01 6,109 -1-1862
56,12 111910 6200
6502 1111. 19 6292
54,90 09127 6085
64,26 09966 6079

1111111. 9 9999999111191111 1191111. 9 91 919111919
1999 111. 19 9111
1991 Jul. 19 9191
1999 91191 9191
1999 91199 9191

111. 19 19191 {1383 1191ss 18611
91191 19111 9911 9991 19111

Dec. 66 41880 Ι8008 709966 18249

1111.9911,1991191919,91 1191111. 9 91 19999 11119
1111910 44,849 49,76 1111910 16‚869

1119111. 1 9911199 119199999 Ι111. 9 9119991 11919

Jul. 19 44269 49,80 Jul. 19 16‚483
09127 44,196 4809 09127 16491
09966 44,129 4808 09966 16042

17581911. 0 0047028 -1-1860 808 17681111. 1 01 19099 -1-18581
1111910 47,161 805 Apr. 10 19045 1
Jul. 19 47006 808 1111 19 19088 ·
09127 47059 7,86 091127 19,718 ·
09966 47020 7,69 09966 19,786

17591911. 0 0050004 1185027,ἵὸ 17691110. 0 0122002 -1-1854
111910 50071 2705 Apr. 10 22,818
Jul. 19 50046 27,58 Jul. 19 22026
09927 60029 2706 09127 22025
09966 60021 27160 09966. 22015

 

