Tabulae X. 8601. V.⁴ 16 Andromedae.

1660166. 06161610994619166 1640666 1 116 1766 461111
46610 66996 461 4661 7660 1
611. 19 66697 Ι660 61119 7645 2
06167 66796 6,οε 06167 6066 ;

06066 86696 2,45 06066 8,180

1661 666Ϊο1666969606 466 96664 1641666 0 0016160 46616·
1113 11111 1111 111119ῗῖ ’
06167 69ζ666 61ζο0 06167 Ι16464
0606661 89482 ms 06066 11,510

1666661. 1665946641 46694061 1646966. ι 0016666 46016]
fflfflffiffiffi
06167 46606 6666 066 ·⁴ 16761 1
06066 42,286 8927 06066 14,812

1

1

1

16661666. 0666946666 466 96966 1646666. ι 0017677 666161
16610 46674 6606 4661 16966 1
111. 19 46660 6666 16119 16960 1
06167 46174 6676 17969 3

06666 46166 6669616666 16010

1664116. 0665946667 6606101661 1644666. 1 0066066466191
461. 10Ι 46196 1669 46610 66099 ¹
111. 19 46171 1666 61119 66104
061671 46167 1676 061671

06666 46151 1667 06666 116601

1665166. 0666961666 Ἶ1661061676 1645166. o 006617666614
16610 51666 6690 46610 66166
111. 19 66646 6614 11119 64166
06167 61660 6646 06167 66067
06666 61667 6677 ,666 66 66041

18861611. 112869568561-1-28106966 18461116. ⁸ 0066139466141
1161110 54689 59,94 116010 27,087 2
Jul. 19 54‚429 11 035 1111. 19 27,οῃ ἶ

00127 546178 0,78 00127 26960
06066 54584 1,25 00066 26886

1887166. 02859 57694 6281121699 1847 Jan. 0 0029998 -1-28141
46610 56655 6649 ,1661 69616 ι,
Jul, 19 57‚721 2202 Jul. 19 29‚831 6
00027 67,794 2257 00027 29,742 ,
06066 57872 28,14 06066 29648 .

1666166, ο ofiffi 4611114666 M 1 0066766

4462
45,ae 06066 86867

1669166. 0 0 0 4666 66616 696 1649661. 0 00664661666161
1111 101 1111 616 1111. 16 Ξ
06167 6606 670 'oet 671 66161 6
06066 4,705 737 06066, 816084 2

 

