1. 0 9324111 03691
10 936580 03159
20 930160 03278
ἃ) ww· 03069

br.9 9366111 03818

19 mss„ 0‚6577 ,

1111 aomo„ 0‚6359
11 10988111 06187
21 831610 06079
81 8326611 03012

ι. 10 00100. 0,0011
00 01101. 0,0101
00 10011 00000

1010 0,0000 ,
00 01010

00 83693 ,
L 0 01010 ,
10 01060 ,
00 01010 ,
. 0 00010 ,

19 93185 ,
,1 3030 1
18 93372 1

03107 ι 13998
0307511 13789
0372811 13125
1381510 13876
1357011 13092

lma 0‚9968
1318811 03268
1363211 03179

1001 00οε

1311511 031160
131680 1301610
1355611 1311211
1,(Ὁ8611 1386111

098250 133ωο

, offl- 1376011

058791 1396911
9310811 130610
031549 mssa
03225

0,0110
00000
01100
01001
00000

10010
10001
10000

100

01010
01001
00100
0,0000
01001

om

1‚2601 11
13169 11
1355211
13685 11
omn

03472 u

03168 ι
0,0901

00110
01110

meo
10100

0000οη

..oe Ι0

0, 0
00101
00000

01050
00111
00010
00000
911905

01000
01110
00101
00000
00001

00110
00101
00001
00010
01100

01010
01000
01101
01000
00101

00010
00010

0,0000 ζ
00000 ,

10000 ζ
10010 ,

0,07880 13056 ,
0318611 13987 ,

 

