ψ

Tabulae X. Soet. ,Π. α Canis majoris.

10 419954 59 - 595-759 4141 1771 55 59751
- 59 - 597 -559 4141 1775 55 5,9179

- 9,7 - 9,81-15,0 42 01774 85112056 ·
1775 85108496

-18,2 -12,91- 5,6 42 -1 1778 85207812

, -19,1-1591-5,545-1 1779 55559555

, -159 -15954 59 45-1 1755 55579559

1781 3529‚7128

141510 403 Δ-18,0-111,174 08 42 -1 1782 85 308567
40218 -16,1 -12,64 4 08 42 -2 1783 85 800006
40,069-18,5 -11,82 4 9,6 42 -2 1784 85 879445

[μ -0,051 -108 -10,72 412,2 42 -2 1785 85 402884
20 -0186 - 07 - 088 4106 42 -2 1786 ἓξὲξὲξὲἓ

υ, 9-59954 19 - 595 4159 41 -5 1759 55 559511
,5,1514 5,1-5,15419,5 5-5 1795 55 555555

40156 4159 4 098 4200 -1-8 Diei reducto addendum 551
59 45977 4155 45954159 -1-5
5455596505 55754179-1-5 ante J 29 45
15 45959 4555 4 795 4155 -5 -5 405 ¹¹¹* 4 ,2
28 40992 4252 4 065 4104 -2 -8

15917 41258 4207 4 992 4 7,7 -2 -3
17 40526 4279 41019 4 06 -2 -8 .
27 40810 4207 41083 - 08 -2 -3

429,1 41003 - 5,2 -2 -3
17 40891 4200 4 929 - 06 -2 -2

5745579 4559 4 515-159 -5-5
nn. 5 47955 4579 4 555 -179 -5 -5
15 45955 4555 4 5951-559 ἢ
545955 4199 4 5554ἶὲ5ζὲ Ϊ-1ἶ5

1 4595554159 - w'ffi -ὲ ‘{

In mem 555. et Febr. annorum bissextorum legitur 0155 insequens

 

