⁰ Tabulae X ⁸Sectss V. α 0119211191.

11914111. 111111519119111511 1111111. 1111115111 11111
Apr. 10 2988 8898 Apul· 80989
9111 913 1191 21ὲὲ ’4191
11111 1111 1195 11111 11191

18311111. 01727 5944 -1-12412998 18418111. 172733952 -1-1240
Αρῐ. 10 4969 2995 Apul· 33915
11ἐὲ 1:111 {1:12 1111 9:31ss
01166 4974 2895 111166 84966

18821111. 11727 7971 -1-12412596 1842911. 0172736929 -1-1240
Αρτ. 10 7916 2499 111110 36969
Jul. 19 7967 2497 811. 19 36902
01127 7926 2890 01127 86928

’ 91166 7991 2298 01166 86947

18831111. 0172710979 -1-12411995 18481111. 01727 89919 11240
1 r. 10 10‚150 19‚21 11111 11111
J Ι19 10928 1895 Ju1.19 89998 ¹
01127 10914 1796 01127 89936
nense 10908 1695 01166 89926

111111. 1111111111111111115, 1111111 1111111511 Ἴ11111
111. 19 11191 1111Ι11119 11111
1159 1111 11119
. 1111 11111 11111

1115111. 1111115111 11111191 1115111. 111111519111111
111111 15111 111 11111 15951
sul. 19 15111 119 111. 19 15911
11111 15111 511 11111 15114
owse! 15‚851 191 11111 11911

———.—.—

massan. 111111111111111119 1111111. 111111111111111
ξΑρῐ. 10 18965 199 Apr. 10 47915
1³⁰¹· 19 18‚722 111 111. 19 11111
1111 11115 111 1111 11519
111111 11151 115155 nense 47‚489

⁸——

-Ἳ-ᾑῐῄ Ν -.

1111111. 1111111111 1111151111 1111111. 1111151191 41210
Apr. 10! 21,676 5111 11111 51111

111. 19 11151 5511 111, 19 51111

11111 11111 5511 11111 51111

Dec-55 21,907 5494 · Dec.66 49955

t
18881111. 0172724957 -112405199 18481111. 1172752962 -1-1240
Αρῐ. 10 24939 51,69 Apr. 10 52974
Jul. 19 24921 5197 sul. 19 52587
01127 24904 5192 01117 52901

11111 11911 5111 11111 51111

111911. 1111111191111111191 11191111. 1111155111
11110 27920 4897 1111110 55940
111. 19 11911 1111 111. 19 55111
1111 11911 1111 111111 51911
11111 11111 1151 ,11111 51911

 

