’51551151 85551115 eamr-u:-

555. 5 79511155“159151
15515 11195 1
111. 19 11577 1
55197 11559 1
55555 11519
1515555, ο79957,557’159175,19 1595555. 5 7951551115915
Apr. 10 snm 6510 Apul 18‚³01
55119 57551 751 55119 15559

55597 57555 597 55197 15595
55555 57551 955 55555 15595 155

1511555. ὀ 79911595 Ἶ15917 151 1591555 1 79599559
1515 11515 919 15515

J 19 41‚312 w 55119 2229?
00127 4128?

09566 41272

15151 15115 5551 15515· 95599
551. 19 15515 5955 551. 19 95595
55597 15555 5955 55597 95559
55555 155591 17 551 55555 95511

1515555. 1799595115155515 1595555. 517959957915915
1515 19595 5559. 155. 15 99517
5,19· 19559· 5155 551. 19 99555·
55597 19599 5555 55597Ι 995791
55555 19555 5555 55555 99595Ι

1517 555. ο 79955557159151555 1597955. 5 79551551Ῑῇ15

15155555 οἳ 799155951159155751 1595555. 599595151Γι5

155. 13 ἓ55ἔ5 1551 115515 55579
55197 ⁵3:31} 3133 w 11111
Β5566 51321 5⁰‚29 1⁰⁰⁰·66i &3974

1515555. 5179957559 1559151959 ¹
15515 57555

Jul. 19 57,886
oc127 §1142

. 55555 57559

1519555. 5 795 1555ῑ1591555,75 1599555. 5 79515575
15510 1470 86,ὓὸ 15510 4o,247
551. 19 1551 5557 551. 19 15595
55197 1555 9555 55197 15551
55555 1515 5571 55555 59551

 

