Tabulae X. 3111 V. 71 cmm.

1111111. 1131716719 111 111715 11111111 1111153111 13711
91 2911 11. 171 111
611147 6191 187ζὲ5 15117 55ζ515 j

01166 23,930’ 01166. 55364 2

1111 sm. 1151711117 1717171575 1111111 151751115 11715
11111 11797 1571 11111 51711
313 3ῑὲΞὲ 313 313 31ῧέ
11115 11711 1571 nense 51711

13323111. 1152733331 -1-27171239 1342311. 01523 0360
Αρτ. 10 33,792 1234 411110 0333 i
Jul. 1· 33‚760 1233 Ju1.19 0399 1
01127 33336 1136 01127 0303
011. 66 33320 1132 01166 0309

1333311. 01527 36362 4-27165933 1343311. 01523 3346
Apr. 10 36350 5836 Apr. 10 3343
sul. 19 36345 5334 sul. 19 3332
01127 36343 57,56 01127 3315
01166 36359 56,94 011. 66 3390

1111111. 0157711791117111171 1111111. 115111111Ι
,41110 33307 44,06 41110 5306
111. 19 11119 1111 11111 5771
ο1.17 11759 1119 11117 5717

1111· 11195 1117 11111 1177

13361111. 1152744330 -1-27161432 18461111. 0152310343
Apr. 10 44‚190 1333 Apr. 10 10,476
Jul. 19 44354 1335 Jul. 19 10302
01127 44322 1234 01127 10325 ο
01166 44393 1135 01166 10346

——-

13371111. 0152746306 1717155971 13471111. 0152312310 4-2714
11113 1133
01127 47330
01166 47303

1111111. 1151719719
Apr. 10 19797
151. 19 19175
11197 11159

11151 51111 11711 11111 11711

1119111. 1151751511117151171 111111111151117111111711
1113 1111 3ῗὲ 1113 3111
11117 11755 1111 15117, 17ζ111
111111 51111 9171 11551· 17111

 

