666666 vm
6666.

166664 16663 16660 1203AE boga Β

νννοννονσονννννννν

san. 6 96666 66666 666666 66996 -00 6ὅῶ
96666 666966 666666 66669 66666 6666
8924366 0,9727 u 1‚2425 &7873 ÷0‚07

‚ mn 666666 66666 66666 6666

, 96966. 666666 ,66696 96666 6666

969666 666966 66966 96669 -6 666
966996 66666. 66666 96666 6666
966696 666666 66666 96666 6666
966666 666966 966666 96696 6666
96696. 666666 66666. 96966 6666

9,169066 1,2415π 034461· 2436ss '401oe
66666 666666 666666 96766 6666
96666 666666 666666 96666 6666
96966 666666 666666 96666 6666
96669 666666 666966 96666 6666

66666 666666 666666 66666 6666
66666 666666 669696 96666 6666
66666 966966 666666 96666 6666
66666 66666 666666 96966 6666
66666 66666 666666 ,96666 6666

66696 66666 666666 96666 6666
66666 66666 666696 96666 6666
66666 66696 66666. 96666 6666
66666 66666 666666 96966 6666
66966 66669 66666. 96666 6666

66666 66669 66666. 96666 66666
66666 66666 66669. 96666 6666
66696 66666 66966 96666 6666
66666 66666 66666 96666 6666
66666 66666 66666 96966 6966

66969 66666 96666 6666
66666 66666 96666 6666
66666 66699 96666 6666
66666 66676 96666 6666
66669 66666 96666 6666

· 666 666 666 666
66666. 66966 66666 6666

 

