Tabulae X. Soet. Π. 11 Librae,

17734111 11131 13111-1511153 1731111. 1113132117-1511
11111310 1,179 41,90 111110 82068 1
111. 13 1151 1133 111. 13 . 33117 1
1137 1,111 1151 13117 33373 1
01166 1068 8908 103160 82247 1

1771111. 11133 1373-1515533 1731311. 1113335313 ..1513
113 111 113 113 313 1
00127 1197 5313 1137 35751 3
13333 1,111 5177 11113 35333 1

-ω-

1772111. 11488 7,429-152 806 1782111. 0148889102 -15 44
733. 11311 33133 1
7,13 111. 13 33337 5
351 1137 33333 3
5,33 1133331 33133 5

17781111. 0148810898 -15 22107 17881311. 0148842712 -155
Apr. 10 10099 2107 Apr- 10 42042
1111. 10 10,198 2002 sul. 19 42041
01127 10095 2002 01127 43040
03166 9090 1966 Dec.66 43‚139

1771111. 11133 13317 - 15 33513 17311311. 1113313333 - 15 51
11111 13313 3133 131. 11 13137 1
1111. 19 18,109 84,47 Jul. 19 46‚592 2
1137 13117 3117 1137 13331 3
01166 12006 8808 01166 46,772 2

1775111. 1113313333 -15 31151 17351111. 1113351137 - 15 53
11311 13133 1335 131. 11 51133 .
11. 13 13133 1331 11. 13 51313
1137 15351 1313 1117 51373
13135 15333 1313 33133 51311

17761311. 1148810,186-158 4,69 17861111. 0148858016 -15 55
Apr. 10 19,106 4,74 Αρῐ. 10 58080
Jul. 19 19088 486 Jul. 19 58086
Oct. 27 18067 504 01127 58084
01166 18009 509 Dec. 66 58025

17771311. omnmo -1531171 1787131. 0148857106 -156
111110 22‚167 2108 Αρῐ. 10 57041
1111. 19 22128 2187 1111. 19 57,167
01127 22088 21,77 01127 57,188
01166 22062 22,ssss Dec. 66 57,190
17781311. 0148825,862-15887,61 17881111. 11489 0,488 -15 62
11110 2⁵‚842 88,10 Apr. 10 0,484 2
1111, 19 25882 8808 Jul. 19 0,476 2
01:127 25881 8020 01127 0,458 2
011. 66 25889 8901 03166 0,480 2

1773111. 1113333333 -15 355Ἧ 1713ᾗό1133 3735 -15 33
1113 {1:211 {121 1113 3:121 1
0c1.27 33333 5713 1137 3117 3
01166 28,788 5707 01166 8048 8

 

