Tabulae X. Soet. V. α Aurigae.

1515 1515 1220? 1141. 551141

mmm Μννν

5514 5,541’,,114115 45-
826- 3,,24547412944-

764-9,14-3,694-11,345-

’ -14,5 47324- 9245

526 -ζίΞ-Ξ2434883 5,2 ssfi

11555 61. 15555 4131551555

4 1831
4 1832

115- 15,5 45554 5,1 4σῖ ’ ”’”

3 1834
1835

4--21836
4-11837

0 1338
0 1839

1841

,086-18,6 47,27 -10,1 45 4 1 11115
,078-13,9 46,17-11,8 444 2 1843

192- 8,5 4491-13,0 44421844

,248-2643,57-13,6 34421545
24343,642,19-13,742421846

,,,-1154554555 15,5 41451515
51,1415,5 5-,15-155 5451515
,1554515 -155-115 -1451555
,5114555 -5’-55 ·5’1 541
,5554555 -5,51-1,5-5 5

115 5155
1111551
1515151
1555555
1555115
1555515
1555555
1115155
1155555
1551555
1511555
5 15555
5 55555
5151511
5115555
5155555
5555115
5555555
5555155
5555555

4868,οω ’

49 2429
49 6,831
49 11236
49 15616
49 19999
4924376
4928747
49 33112
4937470
49 41822
49 463168
4950503
4954 841

9912’119
5016 416

,555454,ο-1,15- 5⁴⁶ -3 0 Diei reducto addendum 5515 ’

,5114555 -1,55- 5,5 -5 -
,1514555 -1,55- 1,5 -1-
,1114151 -1,51 4 ο,1 ..1-
,555 4155 -1,514 5,5 -1-

,934 4-41,1 -4,50 4- 4,0 -4 -

1

,5114151 -1,554 55 -1- ”

, 4555 -5,55 4 1,1 -1-
,139 4384 -2,614 56 -3 -
‚515†36‚6 -1,68 4 9‚9 -3 -

,8704342 -0,63411,1 -2-
,198431,,2,40544123 -1-

,,,493427641824133 0- 10
,749423,343,20414141-10
,958413,,,-34463414542 11

,114412,,,-8461ο414743 11
2,1346947,57414644- 11
251407,,4899413745- 10

ems. 3511. et Febr. annorum bissextorum legitur 11155 1115551551.

 

