’ mun vm
1111. ’,

lugd 1203AE 1290 1111ζῦ laga 3

wwmwww

1111οο886

1111111’

01111. 111111 mm ’
0229213 111111 11011 ,

092951 020901 09972 ,

3} {ff

Febr. 10 04150

11 11111
uun 9‚4924
11 11111
11 11111
11 01111

11111

00 06516

01111 11111

100069

1101 1111 1111, „m

011111 11111
011111 11111

056201 00015
0,84471 04062

091861 020681 1100481 04776

090701 015561
089441 008041

11111· 310
, 1

01111. 11111. 11111. 01111
omo. 01111. 11111. 11111

0,86251 015865

085781090261

085581 00577
085801 07208

006801 09119

ζ , omma 11111

0,87941 1,1196

111 11
10

0,89951 02519

090111 12665 v

089921 02680
089051 1,2572

“ 088401 13025

0,87201 01920
0,857611,1828
084281 00469
0,82761 09226
081521 07262

0,80641 00004

1,2970106404
10061106667
ima 06915
128821 07150

mmm 07070
11111. 11111
1111ῗί 11111
ojano„ 01111

074601 00042
011111 01111
00912 08676
06680 00004
09019 08906

11111 01111
11111 11111

11111
101

10087

001 000 iffi

45,oe
40,oe
ι1011
1001
4 002

4 002
4 002
4 002
4 002
4 002

arom
4 002
4 002
4 002
-1-002

 

