Tabula vlu.
1771.

Iam laog.B 1103st 17661) Low E

wwwwww

96617 66611 66161. 19996 - ω 9666
96661 66666 66679. 19796 , 9666
96116 66619 66797. 19196 9666
96766 66199 16616. 16676 9666
96616 66919 16676. 16699 , 9666

96979 66911 19691. 66966 , 9666
96166 66119 19196. 66961 9666
96699 66117 196991. 66161 9669
96791 66116 19696. 99691. 96999 9666
96991 66991 19616. 66696. 96966 9661

96669 66961 19116. 66116. 96969 9661
96916 66691 19666. 16616.. 96776 9661
96199 66716 16666. 16119. 96161 9661
96616 66961 16696. 16661. 96669 9661
96691 66671 66996. 19996. 96691 9661

9‚8085 0‚8214 0‚8848u 1‚2750u &6123
9,8251 0‚8322 0‚5877u 1,2969n 969404
9,8464 0‚8891 9,909179 16970619 9,6667
9,8669 0‚8419 0,8553 1,8088n 9‚6916
9,8860 0‚8409 0‚7227 1,2882n 9,7150

96696 66961 66119 19661. 96979
96191 66991 16996 19169. 96666
. 96997 66966 16191· 16669. 96767
96116 66196 16666 16661. 96966
96616 66611 19999 66191. 96161

96699 66999 19619 66171. 96919
96711 66966 19661 66161. 96619
96766 66619 19669 66969 96676
96966 66666 19679 66666 96691
96996 66969 19991 66696 96966

66699 66911 16919 ms 96191
66196 66199 16999 16111 96976
66996 66669 16167 19699 96111
66916 66766 66991 19671 96917
66176 66696 66969 19966 96677

66699 66966 66966 16699 96669
66796 66661 66779. 16666 96996
66619 66991 66161. 19997 66611

 

