Tabulae 14 61111 6 Bootis.

17661111. 6111116677 1111161666 17661111. 1 11116166 111161
161. 10 16,978 8528 16610 42487 1
111. 16 16661 1661 16. 16 11171 1
61117 16111 1666 61117 11616 1
61166 16611 1666 61166 11666 1

17518611. 014419,555 -1-202917,22 1761166. 014445,279 -1-20261
16610 14622 · 1474 161. 10 44888 1
Jul. 19 14582 ,1880 1111. 19 45892 1
161127 14584 18,89 06627 44457 1
116666 14479 19‚51 116666 44527 1

176116. 111111116 11616 611 1761111. 611 116116 116166
1161116 ε
6617 ἒοπ 1ζ11 66117 16161 ἐ
61666 16666 116 6666 16617 1

17581611. 014 424717 1211284442 17681611. 014 454251 120251
16610 24688 4411 16610 54885 8
Jul. 19 24555 4479 1111 19 54420 1
06627 24470 4447 06627 54506 1
116666 24882 46,1516666 ’ 54592 2

1761111. 611 117111 1161111677 1761111, 1 11161166
1616 17661 1711 16116· 61111
1119 16611 1666 111. 19 66166

06627 26874 2466 06627 54549
2424 116666 54680

1766116 61111661611611 666 1166161. 611167116
’ 1616 16116 66111

1666 161. 19 ⁵7‚490
67661

1766161. 1111116661116176161 1166111. 6116 6111 116111
16116 16111 6111 16116 6161 1
161. 16 16116 6111 111. 19 6166
6617 16711 6611 61117 6611
61666 16616 6661 61666 6661

1757166. 0 14 484432 -1-2027 8447 17671611.

16610 84874 8462 161. 10 4817
161 6., ,11
116666 84242 8469 116666 ’- 8,898

1766111. 611166616116171667 17611111. 1 116 6111 116111
161. 10 84954 15,48 16610 6188
111. 19 16611 1611 111. 16 6111
66117 16616 1611 66117 6111
61166 66666 1616 61166 6111

17591611. 014 484642 -1-2026 55,81 1769166.
16610 84641 5450 16610 4858
1111. 19 84648 55,14 Jul. 19 4880
06127 84668 5478 06627 4799
116666 89686 5427 116666 8,761

 

