Tabula vlu(
1794.

9999 9999 9999 1⁶03.» ,9999 79Ι

1. 9 99999, 99999 99999, 99999 -οο ’
10 99999, 99997 99979, 99799 99999

99 999999 99997 99799, 99999 97979

99 99999, 99979 99999, 99977 99 99
999 999999 99799 99999, 99999 9,

19 044089 08594 020999 09970 01852

uti 7‚951on 0‚847s 024889 08266 92144
ss 7‚8893 08888 026829 05188 02818 ¹ ‚
21 837oe 08882 0269077 028069 98898 ,
81 05949 08826 026199 0562977 08906

9. 10 97999 99997 99999, 999999 99999
99 99779 99999 999999 99997, 99779
99 99979 99999 99999, 999999 99999

1110 9‚08⁵⁶ 99999 99999, 99999, 99999
99 99799 99997 99999, 999999 99999

so 99999 99799 999999 99799. 99999
ι 9 99999 99799 99979, 99999, 99999
99 99999 99799 999999 999999 99997
99 99999 99799 99999 999999 99999
9 9 99999 99999 97999 99999, 99999

99 99997 99999 99999 99999, 97979
9 99999 99999 99997 99999, 97999
99 999 999 999 99
99 69997 69999 19999 999991 9ζ9999

8997 99999 97797 99999 979999 99999
11 99799 97999 99994 999999 99999
17 99999 97997 99999 99999 99979

097 97999 97999 99979 99999 99999
97 97799 97999 99399 99999 99999

21 97999 97799 99999 99999 99999
999 97979 97999 99999 99999 99979
99 97779 97999 99999 99999 99999
99 97979 99999 99999 99979 99997
999 99999 99999 97999 99999 ,

99 99999 99979 99999 99997 ,
99 99999 99999 997999 99999
99 99979 97999 99999. 99997

 

