w' 1„st 1119 uffo 1111 19

10 0188711 0895711 Mn 13791 ,
20 908811 0888811 097291 law ‚

Tabula vlu.

,11 1111191 911111 1,1111. 1,1119

111119 1,1111. 1,11111 1,1119. 1,1191 ,
19 1,11111 1,1119. 19191. 19911 ,

011111 woh 089841 134881 08269

11 1,1111
21 1,1191
11 ,1,1111

Apr. 10 09096
20 00226
f :3⁰ 01210
811110 93091
2⁰ 93889

80 08618
lun. 9 04166
19 04850
29 06868
Jul. 9 98828

19 91119
99 91111
Μ’ 18 88888
11 11111

Sept 7 07497
17 07662
27 07816

Oct. 7 07987
17 08128

27 9,8287
Nov. 8 08488
11 91111
26 9‚8850
011. 6 09054

11 99111
11 99111
86 93646

090121 1368811 06188 ,

090581 1369011 9376411

0906611 136191 056281 ,

090261 1341511 084471 ,
0896611 1300811 0004811 ,
0888711 1,165611 1,111411 ,
0880011 0088411 1,186911 ,

0871711 0982911 138911 ,

0865111 0888711 137511 ,
0861111 0586511 1397011 ‚
0860511 0902911 0306111 ,

0863711 08576
0870411 07187 ,

0880111 09119
0891611 00840
0904011 1,1196
0916011 1,1810
0928611 13840

0984911 13519
0940811 13864
094241 13688
0941111 13579,
098071 13825

0929811 1,1920
0921911 1,1828
0912111 00469
0908811 09386
0897711 omi

089471 03252

19111. ζ

omo·

09019

1,1111
lma

090081 offl- 13988

 

1,154911 ,
0068111 ,

074661 ‚
0845211 ,
00912 ,
06688 ,
00442 ,
13098 ,
112879 1

1119111 1,11111Ι 18888 ζ99

