Tabulae X 6001. 01 9 orium.

, 773073301177,-305 1773600700073301151μ337 6703

607. 10 97,740 6169 3107. 710 66 468 6
101. 19 97,670 6969 10119 66667 6
00197 97,696 6960 00197 66619 , 6
00066 97,616 6699 00066 66904 6

3737Ι 5 730033 0777307 7007733 0 5 353053 - 0757
10010 60666 9866 60010 68669 9
733. 33 30750 7307 737. 33 50777 3

00197 60,169 99,49. 00197 68,811 =
00066 60679 9990 00066 68 897 6

1799100.16489,979-89794,84 1809“.100 065 1,766
9667 107. 10 1669

9699 101. 19 1916

00197 69908 9699 00197 1696
9699 00066 9076

3733733. 0 5735070- 0773000 7303733. 055 7077
73370 35030 3070 703 70 5007
37 73 35057 7037 737 19 5075
03777 55773 7073 03777 5077
03300 05035 33 35 00350 5700

1794100. 06468,-098 8971668 1804100. 1 66 8666-896
60010 68, 094 1466 60010 8,196’
10119 67 966 14,46 101. 19 8678
001. 97 67, 894 1699 00197 6996
000. 66 67 ,867 16,46 00066 8966

3735733. 0 5 7 70733 - 077 307 70051733. 0 55 37030 - 075
310010 40681 860 1001 11,166
737. 33 30037 703 7377 73037
03. 77 70000 703 030. 77 37037
03305 70073 007 0330οΙ 33077

3730733. 3 5 773057 - 377 300 73001733. 0 55 37007 - 075
7107. 10 46466 1,07 310010 14609
737 73 73037 007 737. 19 14‚108
03777 73070 70 5303 03777 37033
00066 46410 6899 00066 14689

17971077. 0 6446987 - 8965496 18071077. 0 6616966
310010 46996 6669 140010 16946
101. 19 46607 6961 101. 19 16916
001. 97 46 ,699 61, 80 001. 97 16, 876
000 66 46 ,669 60,Ώ 000. 66 16, 899

7730033. 05773070-0707057 73077333 3 5533073- 070
703 70 73 700 75 77 703. 330 73077

4469 00197 19669
00066Ι 49606 46,46 00066 19689

17991077. 0 6469964 - 8966896 1809100. 0 6699686 - 826
310010 69696 6896 310010 99610
101. 19 69687 6760 101. 19 99966
00197 69466 6760 00197 99661
00066 69699 6644 00006 99066

 

