Tabulae X. Soet. 11. 4 Bootis.

177091111. 014' 441444 4414444444 4444444 4 14' 444444 44844
Αρῐ. 410 11,462 14,95 Apr. 10 87 820
11119 44444 44 44 44. 19 44444
44444 44444 44 44 4444 44 444
04466 18201 16‚84 044· · 88584

17713444, 0144514045 -Ι-202257,50 1781144. 014548240 -4-2010
Apr. 10 18977 58,17 Apr. 10 40,810
Jul. 19 18905 “
044 27 18, 828 50, 54 044 27 40, 488
04466 18746 28 0,28 04466 40,568

1772844 114518505 -4-20224089 17829111.014543‚271÷2019
444410 16 421 4158 Apr ,10 48857
Jul. 19 18335 4825 Jul. 19 48448
04427 16 247 4891 04427 48, 520
Dec. 66 18156 4856 04466 48,614

1778544. 014 518,918 -4-20222428 17881444. 014 548818 -42019

1771444. 014521,821-4-2022 7,24 1784144. 1145498417
- Apr. 10 21‚235 7,78 44410 48421
Jul. 19 21‚152 8,16 Jul. 19 49,491
04427 21,074 854 04427 48556
04466, 28999 8,·87 04466 48616

17751444. 014 528755 -4-20214966 1785 544. 014 558820
19110 28688 49,95 414410 58885
Jul. 19 28618 50,17 Jul. 19 58484
04427 28558 5084 04427 58477
04466 28505 50,44 04466 58514

——-—-.

fflsan. 1 14 991,994'÷202111‚90 17861441. 4 44 444444 444 44
138 8318

44444 44444

44444 44444 44 44 44444 44444

4444444. 444 444444 444 44 44 44 178711111 444 444444 44444
11'99 Ap 44 44444 ⁸

1119 44ζ444

1102 04466 58009

4444 911. 014531,545 444444444 4444444. 4444 4444 171÷9o
444. 44 44444 4444 Apr. 44 4444 ;

44. 19 91,979 4444 711. 19 4444 .
3013 44444 4444 4444 4444 .
ec i

44444 44ζ44 44444 4444

1770’.7444 014 584858 -Ι-202081,81 17895444. 0146 8847 -1-2017
ι4414 13 ἐξ, {131} 80,76 Ast. 1.0 8298 ,
4. ..4. 44 44
04466 88546 2895 04466 8096

 

