119. 0 045951 06745
· 10 010491 06579
20· 084671 06850
80 028591 06072
rebus> 022861 ,05762

19 016041 05446
Mart· 1 009591 05154
ll 002821 04919
21 895241 04766
81 085981 04709

16119 67996. 91769
13 19911 3:133}
9131113 3:232&

80 08819 05884
199. 9 00407 05419
19 01604 05380
29 02547 06960
Jul. 9 08808

99 99969
99 99996
Aug. 99 99999
99 96676

66667 96794
17 96996
97 9694

oa. 7 96999
9 96999

97 96799
Nom 96999 99696
19 97969 99669
96 97999 99669
966 6 97669 91979

16 07921 02975
26 08170 02814
86 98401 02474

. 96969

99769
91999
99969
99499
02906

02410
02005
01750
01680
01788

om

051081 02998

080781 02790 ,
097261 02425 ,
008151 01877 ,
015701 01092 ,

029941 09969 ,

024881 08265
026821 05182

026901 028271
025181 056291

024151 084461 ,
020681 000471 ,
015561 011121 ,
008861 018611 ,
098241 028901 ,

088421 027501 ,
058761 029691 ,
zm· ¹‚ffi1fl 5

08555
07228

09118
1111
01808
02289

111ὲὲ
1191 3991 ,
mu 99999

01919
01822
00467
09221
07251

080881 ,
¹²28&ss ²

1‚1414

99674
99999

99999 99996 ,
007751 08056
(116789Ι 172937 9

 

026011 ,
021691 ,
015521 ,
006841 ,
094881 ,

074711 ,
084611 ,

19119 ,
12099 ,

