Tabulae X. 89911. α Pu'm't 9499194391.

1199 1⁷6⁰ ’3,ξο 49444. 949444.

tu„ -9’,-99 9,9 -469949,49 4 99994843469994 -939941999

-, -9,,99499 14 94994 49999499 994949

- , -9,,994944 9- 44994 49999999 9949949

- -9994499 19-44999 49999999 9949999

, ,-9,99449,944 -44994 4494444 99 9949

4999 44 94999 9449999

,-9,,44449444 -44999 4499499 9494494

,-9,,99449944 -44999 44499994 9444449

-ζζ-4994499 9 -44999 44499949 9999999

9994999

9949994

4994 44499994 9499499

4449-9949444944Η494444- -4 -94994 44499494 9499999
4949949449,,,449994444 -9 4-4999 44999949 9449999 -

49,,,,499449449994444 -9 -44994 44999999 94 4994

444949,,,,-9944944444494449 -4 -44999 44999999 9444499
49499 499,,9449,444494 -4 -44999 44499949 9449999 ¹

4999 44499499 94 4949

9944999499Η9449944499 -4- 44999 44499994 9949999

, 4994 49944499 -9-4 4999 44994499 9949499

1941888 -1-343 4136341133 -5 01770 44533731 50 8639

9449494999 49994499 -9 9
4949449,,99499 -944

1942, 428,1421,2844,2-441 D1e1 reducto addendum est:

2343213424Μ242152407 -442

843134419,842142-2,7-1-1-3 9919 Η 27

’,4949999449,,-944999 99 -949 ,,, ⁰ ÷1
‚ 410,0-420,26 8,6 -343

84174880995191924- -,4ο9 -444
4949’,,.99949944949 44’9 -444
4949,949-4,,-444999 499 -444

949499 ..9,,-944999 444 944
,49944999 499 944

2743-537 13141263 -12,94144
nov.6÷s‡}‚397-145÷1140 11,4÷1÷4
16÷8‚24 -15,2 41036- 9914244
43, -1,,5149537,14243

»a 944949 -449 4 9,.99 4,9 4449
44999 -449 4 994- 49 44 44

2642688 -11,1 4 8624 1,2 4242
96 42587 - 9,0 ÷ 838 4 4‚0 42 41

ln nem 399 91 Febr. annorum bissextorum legitur 41144 insequens.

 

