’15115155 Χ. 855511 511511νί.

1770911. 5 11515,511..1515,51 1755115. 1 1211101941069‘
15115 15555 5551 15115 15575
111. 15 15555 5111 Jul. 19 15155
55151 15551 5555 00127 18,199
55555 15555 5551 55555 15511

111155. 5 11515155 515 11115 'su ο 15551515 51551
. 4842 Apr. 10 21‚752 1

‘ ζ · 1555 151. 19 21,835 1
‚ 4199 001.27 21‚924 1
1155 55555 55511 1

1772155. 1 42258868 51611952 1782155. 0 42828411 -1-16 81
Αρῐ. 10 58276 4899 Ἀρι. 10 2⁵‚5o7 2
Jul. 19 68184 4841 Jul. 19 25,605 2
05527 58087 4888 05827 28705 2
05566 68986 4841 05566 28808 2

111555. o 42155,145 41615563 nassau. 5 15555155 51555
151. 15 ⁵⁵‚941 5551 15515 55551 1
111. 15 55555 5155 111. 19 29‚4o5 1
55151 55155 5155 55151 15551 9
55555 55555 5151 555. 55 55555 9

1774155. 0 42258480 -1-162 848 1784155. 1 42888999 41611
Ι 85510 68872 , 881 Apr. 10 88099 .
Jul. 19 68266 821 Jul. 19 88195
05527 58161 819 05527 88287
05566 58059 825 05566 88876

1775155. 0 428 8517 ÷16 21829 17851511. 0 42888772 -1-1681
Α r. 10 ,1,417 1840 Apr. 10 88858 1
118. 19 8828 1858 Jul. 19 88987 4
05527 · 8284 1888 05527 88018 1
05566 1,150 1816 05566 88078 ⁴

1776155. 1 428 8602 -1-16 21811 17861511. 0 42848480 -1-16 81
’ Apr. 10 8528 1848 Apr. 10 48542 1
Jul. 19 8451 1891 Jul. '19
01127 8888 2841 05527 48641
05566 8882 2896 05566 48678

17771511. 0 428 8774 ÷16 22888 17871511. 0 42848092 ÷ 164
Apr. 10 8724 2842 1pr.10 48128 1
Jul. 19 8688 8805 Jul. 19 48144
05527 8652 8872 05527 48166
055. 66 8680 8844 05566 48158

1778155. 0 42818061-51628925 17881511. 1 42848584 -4-164
145510 18045 8899 115510 48579
Jul. 19 18040 4874 Jul. 19 48565
05527 18044 4851 05527 48541
05566 18058 4880 05566 48508

17791511. 0 42818477 ÷16 25808 17891511. 0 42858946 -1-16 4.
145510 18497 5887 Apr. 10 58906
Jul. 19 18526 5866 Jul. 19 68858
05527 18564 5844 055 27 58800
05566 18611 5821 05566 58784

 

