Tabula vlnss
1818.

boga! 11⁰3AE [QG Log.D laga ,

ὉΨΨὉΨὟΜῸΎὟΜῸ

lun. 0 018271 087821 050921 08999
10 0975611 086211 0806811 02790
80 076711 0892911 097281 02186
80 0105211 0905211 0081811 01878
091781 015691 01091

89881. 19888. 89811
89181. 19188. 89188

Febr. 9 06518

18, 89811
11811 89118
11 89818
11 89818
11 89111

, Apr. 18 89818

1002807

80 02861Ι

118118 89188
88 89888

8ο 89818
sm 8 89111
18 89881
88 89881
111 8 89181

18 89881
18 89181
Q 18 818188
18 89188

Sept? 89888
11 89118
, 81 89188
88 1 89888
11 89881

n 98685
Nov. 6 08817
16 09021
26 99201
Deo. 6 09898

16 09583
96 09168

86 99915

89111. 19888.

88181

89111. 19888. 89118.

89118. 19818.

05688 a

091871 0211511 081171

89818.. 19888.

00017 11

0989711 015561 011181

092101 0088511

018621

0912711 098881 088911

0905811 088891 0275111
0901111 0586811 089691 ‚
09ωο11 090161 080611 ,
080881 ‚
028821 ‚
086001 ‚
081681 ,
015501 ‚

89881. 89818
89811. 89888

091511 09117
0925811 00889
098601 01195
091611 01809
095551 02810

096261 08519
0966911 02661
0968111 02688
0966111 08572
0961211 02881

095891 01980
091511 01828
098571 00169
092701 09281

09167 1

006821

-· ω
01868
07878
09181
00888

89888
89111
89811
89881
89888

89188
89118
89181
89881
89811

89188

091811 ζ

07168 a

89188. ζ
89888 ,

06688

89818 ζ
19118 ,

19118

19888 ζ

89181. 89111. 19888 ,
89881. 89118. 19888 ,

19811 ,
89881. 89888 19888

om 18037 .

1111111111

11111

1111111111

11111

 

