Tabulae X Soet. V. 29 Librae.

ν 1999111. 9119191991 -19191119 1999119 11191 9999 -132'4
“ 11113 8116 1111 11191 1811
9999 99999 41'22 9997 9999
Dec 66 28829 4108 Dec 66 2,911

18811911. 0144182165 -15195648 18418111. 01442 6,187--·15Ε1
Apr. 10 82,069 5628 Apr.1·6‚270 1
111. 19 s1,477 9999 111. 19 9991
09127 81890 66,19 09127 6,418
99999 91999 9999 99999 9999

18321911.1144185189-152011,55 18421911. 01442 9,766-15221
. Apr. 10 85 062 11,65 Αρῐ. 10 9826 ¹
1111. 19 84998 11,82 Jul. 19 9878
1205 09127 9922
Dec. 66 84,878 1284 09966 9,957

28, 29 1111 19 13, 800
28, 73 0ct 27 -1,8 311
2928 Dec. 66 18 818

1911111919 -19999199 1⁸44¹1411 1
p. 44, 92 Apr 10
111. 19 91991 1999 111. 19
9991 91999 9999
Dec. 99 91999 9999 . ,
4. 9

1937191.ο149191,619-,”15218759 18471911 0144225997 -1524

18891911. 01441ἓ8,ξζζ -152212,46 18491911 0144281869 -1524

1999 11119 91999
1991 9991 91999
1999 199999 91979

 

