Tabulae X„ 85511115 Ophiudo‘.

Var.·10

800 1800 „m 1141511111

'NA-‘mm ΜἸΝΝ

114115 - 1”,11·-11,1 -141 11551415145155 4151554151

55 4110 - 115-117 -141 1151 15111155
72 4288 - 684 -208 -2 41 1792 25178927
20 4268 - 8448 -187 -2 41 1798 25198687
49 4278 -10,15 -158 -2 41 1794 25227448
1795 25258208
65 4288 -11,51-11,7 -2 41 1796 25288969
26 4298 -12,48 - 77 -8 41 1797 25 818780
18 429,1 -18,04 - 8,5 -8 41 1798 25888491
07 4288 -18,18 4 08 -2 41 1799 25868252
89 4277 -1289 4 48 -2 41 1800 25894014
1801 25427776
60 4264 -1282 ÷ 8,6 -2 41 1802 25 448589
16 4248 -11,18 4118 -2 41 1808 25477802
55 4228 - 9844147 -241 1804 25508066
114155 - 555 4158 -141 1505 15552880
64 4178 - 688 4188 -141 1806 25560594
1807 25588859
274148 -4,61419,0 0411808 2618124
59 4118 - 268 4198 041 1809 26 48889
56 4 7,9 - 077 4188 041 1810 26 77654
164 4,1 4 1‚07 4178 4141
8840842,79416,5 4141

1511551 .
1511115
1511175
1515515
1115511
1511755
15 1551
11 5555
15 1155
1155515
1155511
1151515
1115551
1115155
1111511

4288794 “

1155515
1155111
1155111
1111151

20 - 87 4 436 4148 42 41 Diei reducto addendum 5111

55- 15 4 5714115 4141
74 -10,8 4 6,9o 410,5 ÷2÷2 11115

50-157 4 155 4 5,ο 4141 pm 4 ⁰0⁰· ¹⁵ 4 45

81 -16,0 4 8,5o 4 5,5 48 42

31 -17,5 4 882 4 28 48 42
51 -18,2 4 9,06 4 0‚1 48 48
68 -188 4 898 - 27 48 48
92 -168 4 882 - 5,6 48 48
88 -14,6 4 782 - 8,4 42 48

81 -11,5 4 684 -11,2 42 44
08 - 78 4 588 -148 42 44
46- 8,5 4 485 -165 42 44
84 4 18 4 289 -18,6 4144
70 4 68 4 088 -20,4 41 45

584106 - 179 -217 045
824158 - 4,01-22,8 045
58 4188 - 685 -228 -145

155. Jan. 518551. annorum bissextorum legitur 5151 insequens.

 

