1

Tabula ‘vm
1816.

w m mc ug.» ’1111 n

&Quonim-*ww

111, 1 9607011 9,70681 0,618811 12999
11 9,16671 981271 0806811 imo
21 9,10111 997111 0972111 12126
81 981111 OM& 118181 1,1878

roh. 10 928681 0,17161 1,16691 1,1091

20 9,22761 offla 180981 0,9971
ΝΗ 916761 08181611 121881 0,8267
' 11 9,10181 0,88761 126821 0,6186 wls
21 908191 086981 1269011 ww„ 98898

’. 81 896101 086711 126191 0,66291 98906

· *13 mn gffln 121161 (ikffign 9⁹23oe
ᾗ 11 almo: offis: 188888 1111132 81161
ε 11 111 m: 161 116111

⁵ ω 111161 omo„ 0111191 111511 9‚6123
' 111. 9 ww omn 11686911 129691 9,6101
19 9,1682 0,26701 990181 1806111 9,6667

29 92681 9288611 08669 1,80881 96916

1111. 9 98881 omo„ 03281 maza 9,7160

19 98988 086801 136001 9,7878
29 9,1912 omn 1,0889 181681 947686
m 8 9,1916 916061 1,1196 1,16601 9,7787
woo- mam

0,62881 12289

0,61911 13619
0,66761 lm
. 0,67761 13682
0,67981 18672

111
60383

91862
sm

18 96801
28 96601

w 11111
11 aeon
11 mn
ᾗ oo. 1 aem

1,0682 1
0,9181 1

0,7168 1
08166 1
0‚⁰909
0 6688

9,7980
96161

91111
9,a⁵12¹
9,8676
91114

17 96678

11 11191
um 9‚7119
16 sm
11 vam
11. 6 mn

16 98129
16 98876

oms. 11311

0,66181 1,1920
0,61981 1,1828
0,681111 1,0168
0,62081 09221
0,61161 03269

0,61081 08226
0,61981 0117191
0,68671 0,61761

69019

11111
11111
19098
13114
112380

11111
113056
msa

96906

99181 8

99111
99617

99677

99608
99926
omn

 

