1790130. 0
Αρτ. 10

01. 19
001. 27
00066

1791190. 0
1 r. 10
101. 19
00127
Dec. 66

1792100. 1
Α r, 10
101. 19
00027
00066

17931111, 0
Apr. 10
101. 19
00027
Dec. 66

7794190. o
Αρτ. 10
101. 19
001. 27
00066

17951377. 0
Apr, 10
101. 19
00027
Dec. 66

1796101. 1
Apr. 10
101. 19
001. 27
00066

1797 Jan. 0
Apr. 10
101. 19
00127
Dec„ 66

1798100. 0
Apr. 10
101. 19
Oct. 27
Dec. 66

1799 Jan. 0
Αρτ. 10
101. 19
0927
03066

Tabulae X. Seet. ΠΙ. α Aurigae.

3119‚9121÷191919‚21 18001911. ο·
11:19
19999
19999

51179814-151519,68 1801100. 0 52 0117 41616

p 17‚2155 1011 Apr. 10 0275 5
10110 1071 101. 19 0101 9

17‚011 1086 00027 0596 5

10876 1007 110066 0669 9

20915 5099 00027 0128 1
20776 5092 Dec. 0556 1

5120290 ÷1545 5097 1808100. 0 52 0929 ςι-1517
20092 57,02 Αρτ. 10 10018
20957 5011 101. 19 10168
20826 5081 00027 10282 101
20698 ¹ 5061 00066 10990 ⁴

5 120150 -4-1516 016 1801100. 1 5210765 44547
20027 2,48 Apr. 10 14‚869
20911 2,87 Jul. 19 10969
20801 088 00027 10019
20701 085 00066 10126

5180115 -1-1516 081 1805Ρο 0 5210511 -1-1517

9121999411159991 001733. o 62 39341ἶοἵο
p 21,199 5997 191. 10 ⁵967 9
91991 9991 111. 19 9999 9

80052 086 10010 10581
80969 018 01. 19 10610
80897 1018 00127 10688
90886 1081 00066 10721

3 1 97961 Ἶ0159167503 18061111 o ⁵124,194
97911 1599 Apr. 10 21‚159
37,77ο 1371 Jul. 19 91169
9141 1799 00197 91,171
37,οε , 1999 Decffi 91162

9141997 Ἰ0303033 730933. ο 5903377 Ἰ0347
0509 3390 Αρι. 10 93339
1159 9197 70. 19 99999
41‚55s 2999 00127 28‚486
0337 9333 93330 93,οι

3 7 43973 415199999 1909191. 1¹ 5 1 33333 41911
16915 9109 Apr·10 32,799
16969 9191 70. 19 0733
4070 3933 00197 92911
46‚193 9999 93033 30343

———

5 150,577÷451687‚66 7339 Jan. 0 5 2 33993
50‚656 3336 1 r. 10 36333
59747 9991 111. 19 36‚779
30333 9992 00197 30363
59910 1o‚19 900.oe 9699

 

