'Pabula vl. continuata.

1111111111 recta media 81111, pro mediis meridiebus 1111111· ficti,
addita Nutatione solari.

september. october. November. December.
. vv- sev- ννν *ev—1

⁰ 111 111 111111 111111. 111111
41 59560 40 16‚142 42 29301 4ο 45387
16 56113 44 12‚⁶96 . 46 251156 41 11646
4111111 48 9118 50 21111 48 39101
11 11111 11 1111 11 11111 1111111

1111111 11 1111 11 11111 1111111
11 ·1 11111 1111111 11111111 11111111
111111 11 111111 1 1111 111111
111111 1 11111 11 1111 1 11111
1111111 1111111 11 1111· 1111111

1111111 11 11111 1111111 11 11111
11 11111 1111111 11 11111 1111111
1111111 11111111 1111111 111111
1111111 1111111 1111111 111111
1111111 1111111 . 1111111 11 1111Ι

11 11111 1111111 1111111 11 11111
11 1111 1111111 11 11111 1111111
11 1111 1111111 1111111 1111111
11 1111 11 11111 1111111 1111111
1111111 11 11111 1111111 11 11111

1111111 1111111 1111111 1111111
11 111111 11 1111 11 111111 1111111
111111 11 1 1111 111111 11 111111
111111 1 1111 1 11111 111111
1111111 1111111 1111111 1111111

11 11111 1111111 11 1111 11 11111
1111111 1111111 11 1111 1111111
1111111 1111111 1111111 1111111
1111111 1111111 1111111 1111111
1111111 1111111 11 11111 11 1111

6612590 1411111 1111111 111111

88 nam 89 2729

 

