Tabula lx. 81111111111111.1

71111111 quantitatum 09 D pro 1111111111 diebus.

Septemben
1888 ’18111
1188 1888 1188 1888 1188 1888 1188 1888

18881 18888 888118188118 18888 18888 18881 18888
18888 188188 188188 18881 18881 8’1188 11118
18881 8ζζ88818888118 18811 18811 11181 11118
18188 188888 188188 18888 18888 8’8181 8’8181
18188 18118818188. 18818 18818 18811 18818

18118 818818 118118 18888 18888 18888 18881
18188 111818111118 18888 18888 18888 18888
18 11818 111188 81188. 18818 18818 18888 18888
18818 818888 81888. 18881 18881 18888 18888
18188 188888188118 18881 18881 11818 11818

12577 0862011 166121 lam 13513 0,7541 0‚7540
12598 1629111 1628211 121190 12491 17789 0,7789
12608 1593111 05924· 12466 12167 08023 0‚8022
12622 155428 1558211 12141 12441 18244 18843
18888 181118181888 18111 18111 18181 18188
1
1
1

ἓξ ἓξὲξ

’Ξ

ῗ8

7

ἓ

8818 8,,1888881818. 18888 18888 18888 18881
,8888 8881118181 18888 18888 88811 88888
,8888 188181 181818 18881 18888 88888 88818
18818 8888818888 18181 18888 88188 18188.
18818 118818118888 11888 18881 88888 18888
1

1

,8888 8,,8188888181818888 18881 18818 18818
,8881 8ζζ88888888881 18188 18188 88888 18888·
18888 188888 188888 18118 18111 18888 88888
18881 181888 111118 18188 18188 88818 88811

,8888 88888 88818 18888 18888 18818 18811

18 18888 11818 11818 18811 18818 18888 18881
81 18881 18188 88188 11881 11888 18888 18888
n 18888 88888 18811 11818 11888 18111 18111
11 18811 11818 11888 11888 11818 18881 18888
11 11818 11818 18881 18881
11
11
11

ἓξὲξ 88888 88888 8888

iffi 18888 88881 88888 11188 11181 18118 18118
18181 18881 11188 11118 1’1188 1’1181 1’8811 18818
11811 11818 18818 1'0970

 

