Tabulae X. seut. 11. α Oriona.

ιηοιιιι. 71671777 4 7787677 7777777 1 17776777 ÷ 771
Apr. 10 44,535 88 61 Apr. r1o 16 079
ιιι, 19 77777 7777 ιιι. 77 77 ι7ο
7777 77777 77ὀ7 7777 77 777
77777 77777 7777 900. 77 77777

1771177. 0 6427176664- 72088,1o 17811777 0 64818600 -1-721
p.A1·10 47 694 8771 Apr. 10 18,678
1ι11. 19 47 626 8677 JuL 19 18,660
076· 27 47, 461 36, 18 Oct. 27 18, 747
117766 47, 870 86, 64 Dec. 66 18 ,888

7777777. ι 77777777 ÷ 7777777 ι77777ιιο 7,’7’7777ο7ι ÷ 777
¹ ‚ 7777 , ιρι ιο 77777
ιι. ιο 77777 7777 ιιι 19 22’999

00127 77777 7777 77777 77777
, ¹ 77777 77777 7777 nec-96 77777

· ιιρι. ιο 77 777
ιιι. 19 77ζ77ο
77777 77 777
777 77 77177

. 64266,424-ι- 7208832 1784177 1 64829240 ÷ 721]
66822 88 37 Apr. 10 29,882
88,60 17119 29,421

8871 07627 29,606
Dec. 66 66 081 88 99 Dec. 66 29687

1776177. 0 64269806 ÷ 7204087 1786177. 0 64882804 -ι- 721
1113 887
07727 69046
117766 68 971

1777177. 0648 6760 -Ι- 7204770 1787177. 0 64889704 ÷ 721
47,94 Apr. 10 89727
4870 Jul 19 89742
49 49 07627 89747
60731 -117766 89744 ·

· , 64811,649-ι-72066,98 1789’.17ιι 0648467644- 721
Apr 10 11,674 6679 Apr 10 46,111
17119 11707 67,68 Jul. 19

77777 77777 77ὀ7 77777 77 777

 

