Tabula Ι.
1122200020 416'61‘ 271 amm fictum pars prim: -.6

1760 4 811222 10270
7727 -221222 ..0222
1762 4128649,1 4⁰‚520
1756 161212 40,286
1764 1089129 10011

1722 -112 222 -0207
7722 1 12 21 222 10227
7727 1722127 10271
1766 111102 40‚076
1760 -11172 -0270

1760 1111 6212 10288
1781 ÷ 817 862 10218
7722 1222 122 10202
1766 - 619 69,6 -0,189
Ι 1161 11181121 10219

7722 12 2211 10277
1766 4 272 222 10221
1767 .. 222 71,7 -0202
772 11222 02 10220
1766 4 217122 10202

1770 ,1858218 40‚106
1771 - 160 287 -0,077
1771 11620182 40,061
1778 410 82 021 102189
1771 ÷ 118 12,1 40‚197

1772 -12222 -0,012
1776 417 2222 10212
1177 ,11172122 10270
1772 4 222 02 10222
106.- 020172 -0,011

111 11720217 10212
1711 12 7222 10201
1122 461246’6 40‚669
1122102170 10217
1721 11222722 10271

1785 4164626‚1 40‚666
1760 465767‚6 10290
1787 41 8192 10018
1788 1192012 10206
1789 17227122 40‚566

7720 4 712 212 10221
1727 v4 722 272 10272
1722 1201202 10227
1722 17112 21 10221
1791 4 227712 4⁰‚352

1796 4 288 2111 10210
1796 12019882 10268
1797 415 050‚8 40‚666
1798 ÷ 912 29 10888
1799 -1- 828 16,1 10211

7200 .. 222 227 ..0,107
7207 - 211202 ..0,212,
1202 -112 22 ..0,222 ¹
1202 -16 21222 -0222
7201 - 710122 -0,070

1202 - 722217 -0212
7202 -12 72 722 ..0221
1207 -12 7 72 -0,727”
4606 - 022 222 -0,022
7202 -211122 -0227

’1210 -72 22 202 -0222

1271 -12 22 722 -ο,722
7272 -07122 -0,002
7272 - 222 222 ..0220

1614 -1146416 -0‚492 ¹

1812 -1787292 -0,781
1816 1088182 10028
1217 -21212 -,0272
1818 -11 6666 -,0161
1819 -16 56 400 ..0706

1660 4 712222 10222
7221 - 120721 -0,122
1222 -7012 2,7 -ο,120
7222 -12 7202 -0272
1664 46661,6 40,066

1222 -212 222 0227
1222 -221 16’6 420669 -
7227 -12 22 7’1 -01641
1222 464610’6 1οζ177
1222- 20227 ..0,722

 

