Tabulae X. sect. 1. α Ceti.

5555555 5 44555455 54 54555 555555 5 ,44644555 ÷4
5,,5. 55 55 455 45ζ55 555 1· 44ζ555
555. 55 55ζ555 45ζ55 55 55 44ζ555
55555 55ζ455 45ζ55 55555 44555
·1)oc.·'* 15,479 89,89 05566 44658 4

5555 555 5 54555555 55 55455 5555 555 5 54545555 ,ι 5 5
55ζ55 5655 454056
5555 55555 45554
55ζ55 55555 45ζ555

5555555, 4 54555555Γ 5 5 555 5555555. 5 54555555 555
Apr1o 55 555 5ζ54 491 55 55ζ555
555. 55 55555 5ζ55 55 55 55 555
55555 55ζ454 4ζ55 55555 54555

. 55555 556555 5,55 55555 55555

1758155 0251924527 -Ι-8 618,61 17681555. ⁸ 24954,446 -4- 64
555 5115 555
05427 4492 16,51 05427 §4707
05566 , 24208 15 85 05566 54799

17411102492744943640471764114124957485÷ss
44 44 44 55 5 44
05427 27268 ,28,97 05427 58,Ῑῶ
175566 26969 · 2446 Dec. 66 58258

P} 5 ο 9
5555555. 5 54555555 ,55 55555 5555555. 5 55554455 Εῐό
m {3333} 55ζ55 56555 55ζ555
55555 55555 5545 55555 55, 555
Dec. 66 88ζ367 2690 175566 11, 590
5555555. 5 54545455 55 55544 5555555 5 55554555 ,ι 555
555. 55 45ζ455 55ζε5 555. 55 54555
555. 55 45 455 55ζ55 55 55 54ζ555
55555 45ζ455 5555 55555 54 555
55555 45554 5555 55555 54ζ555

 

