Tabulae X. Soet 1. α (imm.

17me ο 10385010011107 17601211. 1 111850 111131
011 snm som m 0,εο 2
ul. 19 809 80 01. 1· 0,.05 2
00127 mss 80 om 0,οι 2
οο ⁶⁶ ³1⁵2ss 27,75 noc... 0,οὃ 2

1751 m. 0 71848890 -1-822421,18 1761100. 0 71918509 -1-82282
Apr. 10 41857 2844 Apr. 10 17,572 2
101 19 41818 1875 101. 19 17,648 1
00227 48260 Ι 1811 06127 17,722 1
110066 41 196 1848 omes 17,810 2

1752100. 1 71848070 -1-82241185 1762140. 0 71928681
Apr. 10 48000 1827 Apr. 10 28728
101 19 48921 10,75 101. 19 28820
om 48884 1829 00127 ·21,923
nm 48788 889 06866 28081

175 100. 0 71848628 48224 819 1768100. 0 71928845
Α r. 10 48528 888 Αρῐ. 10 28955
101. 19 48,417 855 Jul. 19 28068
00127 48806 884 06127 28188
170066 48190 821 118066 2880)

5889 00127 88459
5854 nense 88578

1755100. 071858491 -ι-822848,64 1765100. 0 71934‚885 ÷8222÷
A r.10 58868 ,4884 Apr. 10 84,497 1
J 19 58248 4811 10119 88604
00127 58180 4845 ow 84707
110066 58015 4887 170066 88805

1756100. 1 71858905 -ι-822842,87 1766100. 0 71988628 482224
Λρῐ. 10 58798 4888 Apr. 10 88718 ⁴
Jul. 19 58687 4884 101. 19 88805
00827 58588 44,41 00827 88885
neatis, 58495 4804 1)οο66 88957

1757100. 0 719 8877 -Ι-822887,97 1767100. 0 71948784
Ᾰρῐ. 10 8289 8868 Apr. 10 48850
101. 19 8210 8888 101. 19 48907
00827 8140 40,05 00827 48955
116066 8080 4882 ,110066 48898

1758100. 0 719 8950 4822418870 1768100. 1 71948882-1-82222
Αρτ. 10 8896 84,48 110010 48868 2
101. 19 8858 8828 101. 19 48888 2
om 8821 8808 00827 48898 1
176066 8800 8889 Ι110066 48892 2

05901. 0 719 26⁵⁷ ÷322329,⁷6 1769Jan. o 719 50,νο 482221
mg ἓξὲξ ff} 00. 10 50,7s5 1
(10.0 8649 82:14 0¹¹1.ssss 18111 1
0866 8669 3291 owse 5060 1

 

