Tabulae X. Soet. Π. y Pegasi.

17701911. 08 118191111511111 1110111 1 8151111118511
11110 13111 1013 11110 51131 1
111. 19 15151 1003 111. 19 51133 3
01111 15110 1013 01111 51191 1
111111 11111 1911 111133 51151 1

17711011. 0 0 128866 118644084 17811011. 0 0 157806 -1-18676
1411010 28818 89,76 Apul· 57872 5

. 1111. 19 28868 8982 1111. 19 58848 6
00027 ’28801 ’ 8885 00027 58819 6

00066 28881 8886 00066 68800 5

111. 1 0 111119 1113515315 1131111. 001 1111113531
111. 111 93 11· 3 111· 1
01111 311191 5313 011 1ζ501 1
00066 81808 6687 00066 1899 1

17781111. 0 0 184807 -1-18651681 17881111. 0 0 2 4848 -1-18688
Apr.10 84816 1689 Apr. 10 4886 8
1687 1111. 19 4828 8
1484 Oct-27 4821 8
1481 00066 5814 8

113553113 1131111. 1 01 3153113535
3313 1110 3150 5
3311 111 19 3110 5
0111 01111 3111 1
3111 111130 3111 5

17761011. 0 0 189854 -1-18 56 5286 17851111. 0 0 211858 -1-18 591
Apr. 10 89861 5180 Apr. 10 11‚5‹'10 1
1111. 19 89872 5087 1111. 19 11816 2
00027 89887 5088 Oct 27 11888 2
00066 89807 5082 00066 11864 2

1716111. 1 0 111103 1135310101111. 0 o 211,9o7 113591
Apr. 1ο 11131 913 11110 11169 1

1111. 19 42862 980 1111. 19 14826 4
00027 42898 986 00027 14872 4
00066 42889 886 00066 15818 4

17771111. 0 0 145882 -1-18 562889 17871111. 0 0 218876 414 0
111010 45880 2884 Apr. 10 18‚111
1111. 19 46886 2884 1111. 19 18‚138
2880 00827 18866
2882 00066 18886

1113111. 0¹0 113153 1135113111 1113111. 1 011113911101
4888 111010 21848 i
1111 111. 19 11113 1
1111 01111 11111 1
1311 01100 11101 1

17791011. 0 0 151894 -1-1857 882 17891011. 0 0 224886 -1-14 04
888 Apr. 10 24267 4
8,79 1111. 19 24820 4
986 oct-27 24876 4
987 00066 2488 4

 

