Tabula vm.
1805.

11699 116911 11690 noga> boga E

wwwwww

99828
99325
99745
99097
99991

99666 ’

99848
99099
99188
99948

99611
91669
99666
99661
99966

99481

11111. 9 99695
19 99905

29 99108

Jul. 9 9‚9297

. 19 99116

99 99696
Aug. 6 99161
16 99666
96 99996
ἅμ’ 11 39995

91 69916

oct„ 1 69996
11 69166

27 09495
Ν61. 6 09594
16 69169
25 09819
Dea 6 0,0942

16 69661
96 61191
66 69611

0946611 0909611 19999
0950311 0906911 19790 ‚
0960511 097941 19426 ,
0974511 1981911 1,1878 ‚
0989211 1956911 19094 ,

0,6019n 1909811 09970 ,

0910111 1918811 09967
0912411 196821 09185

69611. 19696. 99196. ,
66961. 19619. 66699. ,

0975511 1941511 0944711 ,
11 1904711 ,
091541 1955611 1911311 ,
0977911 1983511 1986211 ,
0988511 0982311 1339111 ,

0900411 0934011 1975111 ,
0967411 0987111 1996911 ,

09485 11 19068

69169. 99669. 19661.

69661. 69666 19666. ζ
69669. 69969 19669. ,

69166. 69116 19666. ,
69661. 19666 19166. ,
69161. 19196 19661. ,
69961. 11669 19669. ,
69161. 19969 69169. ,

omo· l‚2519 0‚7469u

69911. 19661 69161. ζ
61696. 19669 69966 ,

69661. 19619 69666

69166. 19691 69619 ζ
69916. 19996 19119 ,

69691. 19696 19111

61661. 19166 19696 ,

69661. 69996 19611

99166. 69961 19666 ,

99911. 69991 19661

9937111 0975611 19056 ,
9911111 094781 1398? ,

4 095
4 0‚05
4 095
4 095
4 095

4 0‚05
4 095
4 095
4 095
4 095

4 095
1696
4 095
4 095
4 095

4 095
4 095
4 095
4 095
4 095

4 096
4 096
4 096
4 0‚06
4⁰‚06

÷⁰‚⁰⁶
4 095
4 o‚05
4 095
4 095

4 095
4 095
4 095
10105
10.ῠὸ

4 095
4 096
40,oe

 

