Tabulae K 8441. w α &mentia

1610'646. 0¹166466616÷⁷ 6641 4449444 4414944,1’4494199

Apr 10 55,225 58 97 Apr. ’10 24,524
666 19 55,184 59,48 Jul. 19 24612
04427 55,042 59 98 04427 24,'699 ‹
04466 54,949 2 0,82 04466 24,785 ·

444’“ἶ’444 0166467,966 ÷7 146,67 166166606666—6776'4-6666
66 444 66 2⁷⁷4> 2

0667 57,655 4921 06627 27,949 1
044. 66 57 569 4965 04466 28,028 1

1812149. 11585 0,546 -Ι-7 187,49 18225444. 0158580,948·1-8591
Apr. 10 0,461 87, 58 Αρῐ. 10 81,019
Jul. 19 0,881 87,60 161. 19 81085 1
04427 0,806 8755 1
044 66 0,286 87442 04466 81,201 1

4444444. 94999 9494 ÷7 166‚66 Γ444444. 0166664166÷6663
66 66 6’666 2664 46. 49 64’666 ἱ
94444 4949 64'66 94444 44494 ;
Dec 66 4944 44 99 944 99 44494 1

4444444, 01666 9949 Π 4’4’4’,44 Γ944Ι444 1166667,661 ÷ 949
4,. 49 9999 44 44 ,444 49 44 499
444. 49 6’676 16’00 444. 49 67 670
94444 6649 11'46 94444 67'676
944 99 6666 4999 ..944 99 44 444

4449444. 94999 6766 ÷ 4 999 49 1666666.0166640,667'÷666.
Apr 10 6776 66 68 Apulo 402211
444. 49 6'776 66'04 66¹6. 49 40606h
944 44 6779 67, 44 944. 67 4ο, 444
Dec 66 4494 99 99 944 99 4411494

4444444 4494944 444 ÷ 7 04666 1866666.o156546116¹÷668
6 6 66 66 6 6 666
04127 11,820 42,89“041.27 42,981
94499 11'666 4444 Dec 66 44944

Γ444444, 94949 44499 ÷ 7 066,66 Ἷὴι, 9494949 494 ÷ 666
44444 14,644 4944 44449 46’666

Oct 27 14 957 28 8,4
15 ,028 27 62

04427 18,170 14,Οὸ 0627 48826
04466 16652 18,42 04466 411284

1819 an 0158521178 -4- 7 0 1,88 1669'646. 0158551215 -ι- 651

4444444, 0166617‚946 ÷ 4 94999 4444444. 4494944944 ÷ 666
444. 10 44949 1666 'mmo 44994
444. 49 44 666 44 Γ4 444. 49 44444

444 49 44 494 4,’44 ,44449 61166
9’44 444. 49 61’060

944 944. 44 99944
94499 44949 9999949 66666¹ 99449

 

