1111111 x 1111, v. a aqu-rte.

1111111. 11111911 - 111191 11111111, 1111111191
11111 1911 1191 Apul 11119

1911 1191 111. 19 11911

· 1111 1191 11111 mss

11111 1991 1191111..

1111111 11111 1911 ..111191 1111111. 1911191911
” 191. 10 5522 1434 491110 84640
119 19111119 1119

1

11111 1911 1111 11111 11911

18111111. 111111 8909 -· 111991 18411111. 0915740977
191. 10 8947 8 0,68 Apul 40911

-,.11’1
1
1

4
4

-151
i

-15

111. 19 1991 191 111. 19 11911,

11111 1911 191 11111 11991
11111 1911 111 11111 11911

18881111 0216714802 -174890 18481111. 0115744089
41110 14268 4599 491. 10 44105
1111. 19 11‚243 4694 1111. 19 44111

· 01127 14197 4696 om 44110

,11111 11919 1191 11111 11911

Apr. 10 14302
1111. 19 14,809
01127 14325
Dec. 661 14349

1111111. 1111111911 -111191 1111911 1111111911

1911 11911 1191 19111 11911
111. 19 11991 1199 111. 19 11919
11111 11911 1191 11111 11911
11111, 11911 1191 11111 19919

1111111. 1111111911-111191 11111111. 1111111911
11111 11911 1191 Apr. 11 11911
111. 19 11911 1191 111. 19 11991
11111 11911 1191 11111 11911
11111 11911 1191 11111 11111

1838ffl132157fflgg -1621,66 18481111. 1215758976

———.

111911Π1911111911 -16 191 1119111. 11111 1911
19111 91911 191 Apr. 10¹ 1911
111. 19 91911 191 111. 19 1911
11111 11911 191 11111 1911
11111 11919 191 11111 1919

-144

-14

-131

-18

 

