Tabula vm
102⁰.

' 4884 ’1888 noge hog.» 4888 94

wwfflwwww

. 0 2512ss omo 860908 1,2999
48 99982 89488 ,98848 42498
20 96986 0,.’4810 {ms- 12426
88 98248 88494 -· ,89428 48848
,89 98989 8,4982 44889 48899 ,

49 98449 84828 42899. 89944 ,
84 98984 84448

44 94884 84898 488928 &sm
24 94289 84498 42898 92488.
44 94944 84924 42849 88848. ,

.·. 10 9,7491 0,6161 1,24168 084478 ,
20 9,7646 0,6461 18,00478 ,
U) 93818 05761 115668 mus„ ‚

848 8888 888 48899. 48988. ,8882

8,8988,,
3ζ884”;“

0,6886 ,

8ζ8848 ζ
88828 ,

48444 488 ,Μ

 

