Tabula Vlll.
1786.

1203„st LogJi 1660 16611 Low Ε

WWWw—rww

96161 666166 661666 16996 - ω 16,οό
96661 666196 666116 16196 66666 Ἶ1666
96161 666616 661166 16116 66616 Ι6666
96661 661196 166116 16611 66161 1666
. 96111 669666 166161 16696 96166 1666

0700611 0209411 09969 01666 4006
070761 lma„ 08266 02144 4006
070991 0266211 06186 02816 4006
0706611 026906 0281611 03896 4006
0697211 0261811 0662911 06906 4006

0682011 0241611 0844611 04662 4006
666116 166666 166116 66116 66666
0666611 0166611 0111811 06164 4006
0609011 0086611 0186111 06602 4006
0680711 0982411 0269011 06824 4006

0664111 0864111 0276011 06126 4006
0631811 0687411 0296911 06404 4006
0616011 0907711 0806111 06667 4006
, 0608111 08668 0603811 06916 4006
, Α 0608611 omo 0288211 07160 4005

661666 66111 166616 66616 -1666
661616 16661 161696 96666 ,1666
661161 16191 166616 96161 1666
666616 16666 166666 96966 ,1666
666166 16169 661666 96161 1666

661116 16619 661166 96616 6666
661666 16661 661696 96611 1666
666666 16661 66966 96616 Ι1666
661996 16611 ,66666 96661 1666
666616 16611 66616 96966 6666

669116 16919 16116 96161 1666
666116 11611 16111 96116 6666
666116 16161 16699 96111 6665
666616 66111 16611 96611 6666
661191 66166 16666 ,

0282711 08214 06068 ,
026206 007691 06066 ,
0267911 064811 02987 ,

 

