2313313371. sect. lv. ,8 Genium

÷ ’, ἥψω-33331
633

3337 77363 ,

, 37633 .

10205 11331οῚ 21,406
10240 ,13119 212507

1812133. 1 78847,194 -1-2828 8,10 1822733. 0 Ι7Ι8425850
43310 472089 8262 Α33. 310 252487
Jul. 19 482991 4219
03127 482899 481 0·31.27 252589
03368 482814 5,49 03368 25854

03127 58862 5484 03127 88812
03366 58848 5584 · 033. 88804

1815 766. 3 73337333 33773673 3333766, 3 73336333 27333
13313 37337 3733 Apr. 10 ‚
Jul. 19 37336 4373 Jul. 19 36333
36337 37333 4333 36337 36337
36666 37373 3376 36666 33773

18161377. 1 784 1852 -1-28274185 1826133. 0 78440472 -1-2828
313310 1884 4286 13310 40420
Jul. 19 1828 4282 Jul. 19 40858
03127 1877 48,44 03127 40287
033. 863 12488 44201 033. 68 40808

1817833. 07845 ,210 -3-28278586 18271333. 078448,919-ι·2828
Ap.r10 52189 8889 13310 482888
Jul. 19 52248 86,77 Jul. 19 482741
031. 27 52824 87221 031. 27 482848
03368 52412 8722 59 03388 48, 588

1818833. 0 784 9868 ψ282729,40 18281331 78447858 -1-2825Ι
Ar 10 92161 29‚70 Ar 10 47150 ἔ
Jul. 19 92259 29298 Ju1.19 472088
” 03127 92881 80211 03127 462924
03388 92467 80228 03358 48806

mmm. 07-34123313 mmm 3633736. 3 73333333 33633
373 367 33 33
626237 332433 8232 32677 35822272
36666 33363 3333 36663 33333

18141333. 0 78858867 -1-28275186 182113. 1 78488878 -1-2828
363 33 1st 363

 

