'l'ab'ula vul. Ι
1811·

ιαμ μμ m 1041) 9,.. m

Ι. 0 011011 07866
10 088868 ⁰‚7121
8 &lm 999

m 019159 06118

19 012199 06150
uti 006589 05906

11 098119 05712 mm

21 089789 05588
81 079201 05511

ι. 99 99994. 99999
99 amr. 99999
99999999 99999
99999 99994

050989 01999
om· 02790 ,
097819 02186

108189 01878 09181
015699 01091

ffl: 19 988
05186 01818
889 3989 88

mis· 081179 01868
lm· 001179 01778
015569 mm· 9‚515⁴
1‚0885· 018629 06501

0980913891· 06821 “ ,

088899 027619 06128

’ .. 99999. 99999. 99994

990509 080619 06667

08568 lm· 06915
07181 088829 9,7150

09117 0261119 9,7878
00888 021681 9,7585
01195 0155079 9,7787
01809 006829 9,7980
lm 0918199 08161

18818 074889 8,8841

08661 ’051559 08518

18888 00809 08878

lm 08888

99999 99999 99086
89184

mm 99999

99999 99999 99999

99999 99999 99999
99999 99949
meo 99977

,821 08087 09808
007509 08056 99985
061769 08987 OM!

 

