'rabulae X. 8661 Ν. α ΛΜᾶὅ.

00 n

1910626 66666666 6666666 6666666166 -111
16661 1,574 11,84 1961· 82158
666 666 99 66
66666 1’996 6666 66666 66666

18111611. 02156 4,402-11655,43 18211071. Ι,-215685481 11111
Η 66 619 666 6
6666 4,116 6666 66666 66666 6

906 66 42099 6796 66666 66666 6

18121666. 12156 7,-187 1184046 1:996 0215688878- 11051
16610 7,047 41,18 Apr. 10 88955 51
Jul. 19 6,962 41,80 161.1·89,026 56
06127 6,882 4248 06127 89 092 49
06666 6,806 48,17 066. 66 89,152 49

6666666 66666 9,9-·16 6666666 19996490916649916 66666
491. 10 9949 96’46 466. 6ο 66666 91
, 66 66 666. 66 66666 66

9790 66666 49961 66
..6666 66666 66666 99

1914646 0916619770-1191196 1824'11411. 1916646,-469 11019

Apr. 610 12 725 11, 69 Apr. 10 45496 11
Jul 19 12,688 12,29 Jul. 19 45,515 11
06127 12, 659 12, 86 06127 45, 526 11
Dec. 66 12, 689 18, 89 Dec. 66 45, 528 10

· 6666666 0916616,799-11966‚04 6666666 6666666666
666661 66 666 66 66 4pr1o 49‚6o9
66 19 16 710 67'06 66. 66 66666
66666 16 719 67‘41 06927 66666
Dec. 66 16,'796 67 66 900 66 49,646

11240,47 1826166. 0215651,-640 1985

4199 00997 66666
4149 99:66 61‚4617

9490 4621 6,4499 66
6 66 66. 19 66 499 17
66

Ρ·
18181166. 0215625288- 112 7,11 1828166.1215667876-1 90
Apr. 10 96‚654 7,00 Apr 10 57 291
Jul. 19 25,490 6,88 16119 57 202
06127 25 510 6,61 06627 57,110
066 66 25,594 688 ’ Dec 66 57 015

1919¹646. 0916699649 11149‚94 1829199. 66666 66661- 1944
Apr. 10 28, 786 48, 92 Apr. 10 o,094 45
16119 99’994 49’66 Jul. 19 6669 999 46
00997 99916 4919 6666 69,941 46
06666 29,007 47,67 06666 59,745 46

 

