Tabula V 111.

1817.

111, ο 911111 11191. 11199. 11999 -00 ’,

10 010781 055121 080681 02790 ,
· 1 88 31911 9111 1191
,816119 019181 068611 015691 01091

19 91111. 111111 19191.

Muti 008521 068211
11 8,94291 069781
21 088151 070601
81 068021 0708811

119
191911
191191

Αρῐ. 10 012781 070621 021151
323 ἓξὲξ 1 069921 020681
Mal. 10 07079

20 09180

90 00688
Iun. 9 9,1861
19 99819
29 98597
lul. 9 911819

- 19 91191
19 91111
'¹¹¹⁸' 18 9895618
11 91119

11111 91111
,11 91111
11 91111

'oa 1 saon
11 91191

· 27 07895
Nov. 6 07601
16 917828
26 08061
Dec. 6 0800

< 16 918588
26 08768
86 08981

068921 015561
067791 008351
066721 098231

065911 088391
065521 058691
065721 090181
066501 08569

067811 07231 ,

119111 19111
071561 00839
073611 01195
offset· 1,11ο9
077361 08239

078751 02519
079701 02661
080201 02682
883188

079101 01920
078111 01828
077111 00169
076201 09221
075581 07259

om. 11191
11111. 11111.
11111. ome„

19911
11111
11111

027791
056291

0811711
010171
011181
018621

02391 1

02751 1

1887,

0303311
12882

monn
021681
015501
006821
09131 1

07168 1
08155 1
010909
06688
09019

mm
11111
111191
11111
ww

181ῗέ

lm,

01862
07878
09181
00888

91111
91111
91111
91191
91911

91119
91111
91111
91111
91191

06128
06101
06667
06915

11 07150

07878
07585
07787
07980
9,8161

91911
91511
91111
91111
91911

09181
09276
09411
09517
09677

mm
381

 

