1611. 0
10
20
80
Febr. 9

19
Mart 1
11
81
81

Tabula vlu. ·
1808.

ιαμ 16911 1103AE 1103AE boga E·

wwwwww

98688
9,8642
98419
98088
98518

98904
9, 5888
9, 5504
9, 5752
9, 5989

9,6885
9, 6468
9, 6788
9,6989
98864

98548
98817
98084
98887
98571

9 8785
9, 8976

, 98144

99289
99119

98588
9 ,9684
9 ,9781

087796 080966 18999
088196 080706 18790
088896 08784618486
089766 188186 18878
080676 185696 18094

081496 180986 08970
088096 184886 08867

-oo 45,oe

88868
88878
88184
98888

98858

088896 186826 08184 ,
088856 186906 987966 ,

081956 186196 086896

081816 184156 084476 ,
080196 180686 180476 ,
088956 185566 181186 ,
087616 188856 188686 ,
086886 088886 188916 ,

085106 088406 187516 ,
084176 088716 189696 ,

088596 98061 ,
088406 08564
088606 08888

69115. ο,9115
084886 18888

9115151 11195 11551. ζ
086606 18809 186886 ,
om„ 12239 99119. ,

087786 18519 084696 ,
087926 18664 084576 ,

087696 18688 00907

omos„ 13519 65555 ζ
955056 11591 ο,9ο19 ,

oms· 1,199ο 15119 ,

655115 11995 11111

611151. 111155 mm ,

o‚7912· 69995 19511
088556 08857 imo

0,7758n 08880 18087
0,77106 087576 18056

087156 084786 18987 ,

4 0,08
4 008
4 0,08
-1-0,08 A
4 088
4 0,08
4 0,08
40,oe
4 082

4 0,oe
4 o‚02
4 o‚02
4 0,02
4 082

4 083
4 088
4 0,oe
4 088
-1-088

4 0,03
4 0,04
4 0,04
4 004
4 0,04

4 0,04
4 0,08
-1-0,09 1
4 0,00
4 0,08

-1-0,03
5008
4 083

 

