’10111111 vul.
1707.

lagu! 1203AE Low Log.D 1.ομ Ε

wwwwww

01001
01000
00110
00001
00010

’ ’9,6176

. 06412

07888 11 0510611 02998

’·-ω

03011. 00071. 11100 00001

03110. 00111. 11110
03000. 10110. 13010
03000. 01010. 01001

0774911 0209411 09968
0781811 0248811 08264
0788711 026820 05180
0781811 1369011 0288911

ζ ¹ 03100. 11010. 00010.

07878
09184

00000 .
01101 ·

02144

01010

03010. 11110. 00110. ,
03101. 11000. 00010. , ·.

03101. 01000.. 13111. ,ί ,
070881 0088611 0186111 ,
0681211 0982511 1389011 ,

0660811 0884811 1275011 ,
0644011 0587711 0296911 ,
0682411 0909411 0806111 ‚ .·

00100. 00001 13010. ,

0627711 07227 0288211 ,

0688811 09118 0260111 ,
0648711 00886 1316911 ,

00001. 13110 01001. , ”

00007. 01000 00011.

0675911 12189 0948411 ,

0681211 02519 0747111 ,
0681411 02664 0846211 ,
, 0675711 08682 00908 -‚
1 0668711 02572 06688

00100. 10111 01010

00111. 01010 00111 ,
00011. 13111 01111 ,

0560511 1,0466 13099

00100. 00111 11011 ,
00000. 01101 11000 ,

047851 08206 08088
0466111 007821 08056

0464011 0648511 1,2987 ,

16111

4 0,οὸ
-1- 0,οὸ

 

