Tabulae X. Soet. Ill yPegaei.

’1191111 1 8 1119151141 599 1511115 1 8 158491 11411
119111 11951 15994 19111 55911 1
111. 19 11991 5995 111. 19 55999 1.
01127 28021 5878 01127 58671 1
Dec. 55 15949 5591 95555 55951 1

17911111. 0 0 288045 -1-14 11889 18011111. 0 0 258805 11441

Apr. 10 29,968 17,82 119910 58898
Jul. 19 28877 1828 Jul. 19 58988
09127 28787 1862 Oct. 27 8 0,075
091166 28694 1899 Dec. 66 0,l68

17921111. 1 0 288801 11419593 18021111. 0 0 8 8214 -1-1445
8860 119110 8808 5

- 84,97 Jul. 19 8400 5
00127 32,512 8885 01827 8492 5
091166 88414 8878 0956οῘ 8588 5

1199115 1 ο 195911 11415995 1119111. ο 1 9 5991 114 51
451. 1ο 95914 5995 19111 5119 1
11. 19 95919 5111 111. 19 5915 1

5191 15111 5951 1
91555 95945 5195 11555 5955 1

1794111. 0 0 28825111421187 1804111. 1 0 818016 -1-1451
1191. 10 88168 1885 1191 10 18091 1
Jul. 19 88080 Ι1888 Jul. 19 10‚16o 1
01111 88002 1844 01527 lom 1

091166 88989 10,05 09166 18281

1195111. 1 ο 14191911419191 15151115. 11 9199991145
151. 11 40,961 1994 191. 11 19991
111. 19 11911 1999 111. 19 19991
11111 41945 9991 1511 11414
11555 41911 9995 Dec. 55 19919

17968111. 1 0 248891 414 24816 1806111. 0 0 818572 -1-14 68
1191. 10 48850 4899 Apr. 10 18595 i

‚ 4888 111. 19 18610 8

, 4882 01527 18616 9

01166 48779 4882 01966 18614 1

— —--—.—. -.-,-.

1191 san. ο 1 1459591149 195 15111511. 1 1 919999114 51
Apr. 11 15951 599 19111 19951

11951111. 1 ο 149914 114 91999 15191111. 1 1 9119951141
19111 49951 1999 19111 11994

1199115. 1 ο 15994111495199 199145. 1 ο 91599511411
119110 58198 5084 p. 1

111. 19 59951 5195 , 1
15511 59914 5195 11111 15954 1
05566 58884 5827 09566 28279 1

 

