Tabulae X ‚Soet Π. α ewa.

Vnt. 10

780 1780 „mon 7777377. neam

wmar- mxcv-v

337.. 77 7 7177 -733 377 77737137313333 77173 1733

351- 77 7 337 -733 373 7777 33373337
3777 73 7 377 -733 -7“73 7777 33333333
3777 73 - 777-733 -773 7773 33773737
33-7773 - 373 -733 -7 73 7777 33773737
7773 33733337

57 7777 - 737 -733 -7 77 7773 33733337
33 7777 -7377-777 -7 77 7777 33337337
777733 -7773 -777 -3 77 7773 33377733
77 7737 -7377-773 -377 7773 33377737
33 7377 -7773- 73 ..3 77 7733 33337333
- 7737 33537333

377377 -7377- 77 -377 7737 37 33333
337337 -77337 77 -3 37733 37 73733
73 7337 -7773 7733 -7 37737 37 73737

37 7333 -77377733 -7 37735 37 37537 ·

55 7353 -7777 7733 ..z-1 7733 37 33333
, 7737 37 733333

33 7337 -- 337 7773 -7 -7 7733 37773337

77 7337 - 377 7773 -7-7 7733 37773733

377733 - 373 7333 -7 -7 7733 37733333

737777-3737377 3-7

377733 7377 7373 ο-7

28 153380
2828,ωὸ
2840538
2852995

29 5364 “

7377375
7333373
7377373
7333373
3ο 7737
3373737
3337737
3373733
3337333
3773777
3777333
37 33777
37 77337
37 3777
37 77373

78 7113 ÷ 638 ÷33‚0 71-7 Diei reducto addendum 3713

687 5] 79,72782,171-1
91 0,0 71291 ÷31,0 41-1 aute

63¹- 5,6 415,92÷29‚0 72 0 post} hn'ffi ἲ -Ι-(Ῑ)

soi-m 77377 7733 77 3
78 -15‚4 72121 7233 72 70
72 -197 72338 7193 73 71
61 -223 725,17715,8 ÷8 71
23 -277 72634 7113 73 71
67 -26,0 727376 7 6,9 73 72

’07 -262 727,οΞ 7 2,1 78 72
17 -2531 727717 - 37) 43 48
97 -23,7 727,ὃὸ - 7‚9 73 43
’70 -21,3 726710 -12,7 72 44
72 -18‚1 424,79 -17,3 72 74

33 -773 77733 -777 77 77
37 -737 77337 -773 77 75
33 - 37 77733 -773 77 73

733. Ian. et Febr. annorum bissextorum legitur dies insequens. y

 

