Tabulae X. Soet. II. α Aquarii.

47771744 7715957777 ..1757577 1790911. 415471774 -177
pr. 10 68872 8588 Apr. 10 27844 ¹
mm mm m9 mm 77
7777 57777 7577 7777 77777
75775 57777 7477 75777 77747

17711747. 02154 1837- 12517‚92 17817444. 0215481808 -122ι
Apr. 10 1,777 1780 474. 10 81878 4
7441. 19 1,711 17,94 Jul. 19 81857

1805 07727 88440
1822 07766 81826

17721744. 12154 4,678 - 125 1,07 17827744. 0215484888 -1221
Αρῐ. 10 4,590 189 Apr. 10 84872 1
Jul. 19 4804 186 Jul. 19 84868 1

. 07727 4,414 189 07727 84854 1

07766 4820 828 07766 84847

47771755. 77454 7777 - 4744577 47771747. 7745477777 - 477
417710 7842 4848 Apr. 10 88095
54. 47 7745 4575 74. 47 77477
7777 7747 4777 75477 77777

07766 7,051 47,08 07766 88867

4774754. 7745447777 - 4747775 47741755. 4174 5444477 - 474Ι

714. 47 7777 4844 44444 44444
7477 77. 77 44774
7777 nec. 66 44757,

- 474
44777
44757
45744
Ι 45775

4777454. 474 54 457774- 474 777 477855. 774 5447777 - 474
Apr. 10 15840 1,05 Apr. 10 48188
74. 47 45774 477 444. 47 47775
001. 97 45777 777 7777 47757
74777 45777 774 77757 47775

17771444. 0215418585- 1284870 1787777. 0215451868- 120
Apr. 10 18546 4682 Αρῐ. 10 51888
Jul. 19 18516 4890 Jul. 19 51896
07727 18495 47,44 Oct. 27 51,400
Dec. 66 18488 4785 , 07766Ι 51895

4777474. 77454747771-4777777 47771774. 4745454777]- 477
191. 10 74775 7477 4 119 54777
744. 47 74777 7457 744. 19 54457
7777 74577 7477 001. 77 54774
77777 74777 7777 77777 54777

1779177. 0215424875 - 12815,Οὸ 17891744. 0215457885 - 120
Apr. 10 24,700 1588 474. 10 57848
Jul. 19 24788 15,61 Jul. 19 57898
07727 24874 15,77 07727 57886
707766 24828 1586 07766 57871

ἱ

 

