’1111111116 X. 89611. α Arietis.

1169111. · 161119111616111 11 sm.
1111ss 1811 18 1 ’19
Oct-27 9572 7,47 06127 40551
’ 06666 9580 7,01 06666 40572
17511111. 0 15812820 -1-22162459 17611611. 15844808 42219
,461110 12921 2420 Apul 44885
111119 12918 2888 1111. 19 44,171
96111 19196 1911 66111 11116
061166 12867 2258 06666
17521111. 1 15816219 -1-22164028 17621111. 0 15847594 -1-2219
11119 16161 9919 11116 11161
1111. 19 16841 8888 Ι1111. 19 47,717
06127 16589 8882 06127 47889
Dea& 16828 8785 06666 47867
17581111. 0 15819891 ψ22165589 17681611. 0 15851584 -1-2219
111610 19824 54,71 “ 1111610 51267
111. 19 19161 6111 sul. 19 11161
om 19,171 6116 66111 61116 .
116166 19111 6116 111166 61116 2

17541611. 0 15822456 -1-221710,41 171611. 1 15854854 -1-2220
Apr. 10 m 9,78 111110 54950

ul. 19 9,08 ul. 19 55,048
06127 22170 8,48 06127 55849
06666 22566 781 066. 66 55251

17551611, 0 15825844 -1-22172551 17651116. 0 15858561
Apr. 10 25889 25,04 Apr. 10 58564
Jul. 19 25288 2452 1111 19 58565
06127 25527 2484 06127 , 58865
06666 25820 2851 06666 58868

-,-

175611111. 1 15828898 4922174126 17661111. 0 154 2275
11111110 28292 4086 1610 2872
Jul. 19 28188 4052 1111. 19 21164 =
06127 28588 4028 06127 2552 · ·
Dec. 66 27 ,990 40,oe 066. 66 2,· ’ ι

17571111. 0 15881865 -1-2217 5758 17671111. 0 154 5854 -1-2221
11111. 10 81270 5789 Apr. 10 6884
sul. 19 81582 §m 161. 19 6,108 ·
06127 81899 5721 06127 6,175

06666 81822 5720 066. 66 sm

-—-———-——.--—--—---—-.

17581111. 0 15884890 -1-22181489 17681111. 1 154 9561
Apr. 10 84818 1485 411610 9816 ⁴
Jul. 19 84254 1487 Ju1.19 9862 ·’ ⁴
06127 84898 15,04 06127 9500
06666 84850 1527 06666 9529

1169111 ο 16991166 1111611161 ’1169 au„ ο 11119161 191911
1113 11111 ,118 11113 618 ἒ
om 11111 9916 61111 19166 1
111666 11191 1116 1161. 66 11199 1

 

