Tabulae X„ Soet. V. ,α meso 88717811.
Ι

4888155. 8834844888-868147487 4848155. 4 4148588-83884

41243 882 828 52854 15238 ἶ
85587 482788 88288 85587 482884 4
445588 482888 8888 4455 482888

--ί--ι-

18313841. 0224817045 -3031 1,78 18413844. 0224852,179’-3027.
L 88 88 448 88

85587 482844 8288 85587 882848
45588 482784 488 445588 582847

Ι

4

4

4

4888155 4884888448 -88884584 4848155 8884855875 -88878
45288 455. 48 55 888 8

i
1

462 37 1441. 19 552 712
46, 89 Oct 27 552716
47, 237 088. 66 55, 710

1833 841 0224823370 , 14441. 0224859049 -8027
p. ‚ 28,81 Apr. 10 ’259037
. ,3 29221 Jul. 19 592015
, , 29257 00127 582983

29238 08866 582943

30301094 18443844· 12249 2294 -30264
11,20 Apr. 410 2,247 4
11241 Jul. 19 2192 4
11,57 08427 22123 4
11,67 08866 2056 4

, -88885878 4845155. 88848 5,447 -88888
58,85 455. 48 5848 8
5888 154. 48 5857 8
5884 85587 5,488 8
5878 445588 5,878 8

——————- ...a—— --— ψ.. 1——

48884155. 4884888888 -88888888 4848155. 88848 8,444 -88884
455. 48 88884 8874 455. 48 8848 4
154 48 88 884 8854 154. 48 8848 4
855 87 842878 8888 855 87 8485 1:
Ι088. 66 34,177 32, 98 Dec. 66 82028 11

4884155 8884887484 -88884488 4847155. 8884844888-88858
455. 48 87 ,584 48, 88 455. 48 44 2888 55
154. 48 872888 4854 454 48 442488 e
85587 872788 4888 85587 442874 54
Dec. 66 372391 12262 Dec. 66 102967 51

18381844. 0224841,193-302853,92 18481811. 1224914338
Apr. 10 41298 53,43 Apu 10 14234
Jul. 19 41,401 5291 Jul. 19 14132
08827 41502 5236 oct. 27 14033
08866 41,602 51,79 08866 13,937

48884155. 8884844888 -88888848 4848155. 8884847,888·-888584
455. 48 45884 8858 455, 48 47848 84
154. 48 45887 8488 154. 48 47488 84
85587 45488 8488 85587 47858 88
08866 45270 80,69 08866 16,983 23

 

