Tabulae X 8555 111. y Aquilae.

7755555. 5765577,7755785’6,77 7555555 ’
55,57 Apio 55555

7757 555 5755575755 ÷ 757 5,55

-Ι-10710,01 1800175. 0198660760-1-1081
11,80 Apr 10 60886

7755555 5755555555 ÷ 75 77577 75551555 5·,755555575 57557
18 75 755 75 69’991
7555 55 19 55 555
7757 55557 55 757
*05566 66,006

7755555 ‘33‘119963323381079699 7555555 57557,

77571555. 575 55 55577 ÷ 75 757, 75

755, 75 55577

55, 19 55555

555 57 55 557 55 55 55557 5555
555 55 55 555 55 55 55555 5’575

7755 555 5155575575 {so-{4999 &Um 57 9‚669¹÷ 75 57
A.prA10 88, ’601 66, 79 Ap. 710 8, 687 1
55 75 55 557 5555 5575 5555 7

55757 55555 5575 oct. 57 5557
55555 55555 5555 55555 5555

Apr. 10 61,601 66,06 Apr. 10 11070
Jul. 19 61,681 60 91 sut 19 11, 196
006 27 61666 60, 66 Oct. 27 11, '116

7755555. 575 555755 ÷ 75 75555 7555555. 5755777555 ÷ 75 ⁹5
655555 57575 55,’55 555551 11’096

 

