1111111 x 1111111. 11 &pm

11111111ὀ1111111-111111 1 111 &ism 111
Apu· &704 284 Apr.1·89‚8w
,111 1111 1,ο1 1111 11111
11111 1111 111 0041 11111

111111 1111 111 111111 11111

18111111. 1207 9‚7oe¹-1³4⁵2‚92 1821111.. ommam 1³⁵
pr.1·9‚665 6829
Ρ·

1111111111,
111119 11111
111119 12585
011. 111 11111 .
11111,111,111 1111 111111 11111

1111111 ο1ο111,-111Ι 1111111 1111111. 111111111-1111
11111 11111 1111 11111 11111 1
111 11 11111 1111 111. 11 11111 1
11111 11111 1111 0111 11111 1
111111 11111 1111 111111 11111 1

11111111. 111111111 .-1111111 1111111. 1 11111111 -1111
111. 111 11111 11111 11111 11111 1
111 11 11111 1111 111 11 11111
01111 11111 1111 01111 11111 1
111111 11111) 1111 111111 11111 1

,,..η ——..-...-———-—-- ——--—-—-- ———

1111111. 111111,111-1111ο,11 1111111 ο1ο111,-”’1ο11 1111

111. 11 11111 1111 111111 11111 1
111. 11 11111 1111 111. 11 11111
01111 11111 22'40 01111 11111
01166 22,071Ι 2806 01166 57 515

1
1

1

1111111111111111-11111111111111 11111111- 1111
111. 111 11111 1111 11111 1111 1
111. 11 11111 1111 111. 11 1111 1
01111 11111 1404 01111 1111 1
111111 11111 14'53 111111 1111 ¹

1111111. ο1ο111,-111 111 1,1ο 1111111. 11111,-111“ 1111
p . 28, 921 426 Apr. 10 8 921 ·
111 11 11111 111 111. 11 1111 ·
01111 11111 111 01111 1111 ‘-
111111 11111 111 111111 1111 1

-.-.

1111111. 1111111111111111 1111111. 1111 11111-1111
11111 11111 1111 11111 1111 1
mm ae‚m wa mm am
01111 11111 1111 11111 1111
,01166 82, 785 66,06 01166 6681

1111111. ο1ο 111111 - 11 11111 1111[11’ ο 111 1111 -1111

01111 11ζ111 1111 01111 1111 1
11111 11111 11,.11

1111 11111 1

 

