Tabulae· X. Soet. lv α neruus.

4646666 60664 4646 44461 164 46666666 4 43661666 44166
Apr. 10 59 530 4,90 Apr. 10 26,651
664 46 66’446 6,66 664 46 66666
66466 66666 6,46 66466 66644
66666 66 666 666 66666 66664

4644666 6 46 6 6666 44466 6,66 4664 466 6 46 666666 444666
466 46 4’646 4’64 466 46 66666 6
664 19 4666 4ζο6 664 19 66666 6
66466 4666 4,64 664 66 66666 6
66666 1’696 6’66 66666 66666 6

-ῄ--ῇ

4646666. 4 466 4466 444666666 46661666 646 666666 444666
46410 4976 56,16 416410 32669 5
664 46 4664 66 64 664 46 66664 6
66466, 4ζ664 66ἶ66 666 66 66 666 6
66666 4,466 6664 66666, 66666 6
4
6

4646666 6466 6646 444666666 Mssa 6 46 666666 44466
11113 2933 {⁴631 1113 1Ξο ὲ
66466 6ζ664 4666 66466 661666 6
66666 6666 4664 ,666, 66 66666 4

4644666 6 466 64661444664446 4664666 4 46 666464 444664
4353 116410 38,446 1
611 19 9‘966 4666 664, 46 66464 4
4666 66466 66466 4
Dec. 66 9,345 41,37 Dec.66 98‚468 5

1815116. 017612,079 ÷143637,00 18251644, 017 641200 -1-14851
6666 466. 46 44664 4
3543 1441, 19 41,181
34 63 06127 41160
33, 81 Dec. 66 41,131

18161644 1 17 614811 -1-143629, 45 18261644. 0 17 643, 872 -1-14354
28, 63 Apr. 10 43, 838 4
27, 82 Jul. 19 43,798 ¹
061. 27 14, 887 27, 03 06127 43, 750
Dec 66 14 ,927 26, 24 Dec. 66 49 ,096 13

-“- ,,,,, *s*

1817Jan. 6 46 646646 4446664 66 4666466 6 46 646446 444664
p 64 46 466 4ο 46666 4
664 46 46 666 6666 464 46 46 664 4
6666 46666 46,66 6666 46666

19’01 66666 46’464 4

4646466 6 46 666666 44466 4466 4666666 4 46 646666 644664
46 66 466, 46 46666 ⁴
16'99 464 46 46664
4666 664 66 46666

18191111. 017623,547-1-1436 7,91 1829166. 0176651373

 

