TabulaeK- sect. 111. β 07007756.

1666 ’1800 m? 46606 040646

ww* ww

0746747466641466ἶ ἰ IT-
, 43:141859--85 -2 -3

100.646,,4714611411,-66“ζ141 -1-s
1643 ÷18‚‚5÷976- 16,0 -1 -3
2643, 415‚,-44809 173 ο -3

1664οΝ07741134633 -17,7 6-3

4 640661-

4 646666
4 647406
4 646176
4 414647
4 446760
4 476466
4 641666
4 640040
4 55,8814
4 647660
6 46664
6 46140

6 146006
6 141460

’5 16 ,0246

unte

5 18, 9024
5 21 ΞΤ802

}Jun7

6764166
6716666
6714576
67 4607
67 4046
6657600
6664666
6644766
6644016
6666676
6664660
6664766
6664060
6610660
6614606
66 4664
66 4167
66 4464

,25 55,745

2554040

41
42

 

