81111111 vlu.

1762.

lugd 1103AE 1203ss 1ng.D Ιομ E

&mmmmm-ovum&

111. 0 987171 0,78601 0,61Ο61 12998
10 929661 omn Ο,8Ο7111 12789
20 9211111 0,76681 097271 1,2425
80 9,111111 078861 1,Ο81611 1,1876

mss> &mn 0201911 126701 12092 ,

19 827881 0818611 120911

Mum 821101 018821 124881 0,8261,

09968

11 8,17671 0211811 1268211 Ο,6180

21 111111 61111, 111111 11111.
111111 11111. 1111111

0216611 121161 021161
028961 120681 1,(11161
Ο,881811 1,16661 121121
om· 1,Ο8861 128611

Ο,81861 028261 128901
020671 0281811 127601

8182168

apr. ιο 11111
1,9199
m ιο 11111
1ο 9'1611

80 92660
Im. 9 98862
19 92066

29 92676
lul. 9 9,6200

19 9,666Ο
29 96081
Αῃ«1 111
28 9,6867

111 111

27 97116
Od- 7 9,7680
17 92717

27 9‚7924
nov. 1 11111
16 11111
11 11111
o«. 1 11111

16 92966
26 9,9176
86 9,9876

Ο,8Ο801 028781 1,2969n ‚

0208211 9,909911
Ο,8Ο761 08660
021611 07286

11111, 11111
611111 11111
11111, 11111
0'8704. 1‚1so7

’0,882911 12289

029281 12618
0299111 12661
020211 12682
Ο,90171 12672
0,897611 12821

111111 11111
11111. 11111

111;
1111111

126011 ,

121691

11111, ζ
1,06811 ,

021811

Qum
081681
Ο,0902
Ο,6688
09020

mm

1,1116 ,

omos: 1,Ο166 12099

026171 omo
026881 02262

08564· 08205

11111. 117111 11111 ’
11111. 11111, 11111 ,

11171 ζ
112880 1

18038

-Ο,01

-0’04 .

-Ο,01
-0,01
-0,01

 

