Tabulae X 8011ss α 06864636.

4446 646. 64346 45646 4434746666 4466446. 4474646664
9911 Apul 48‚149

40,70 66644 46666
4149 Dec.66 4982ss

446. 444446664 44446
6666 466. 46 46666
6646 464. 46 46644
6666 66644 46466
4666 66666 46644

4444444. 4444444466 4644446666 4464446. 6444446646 44446
'Apu 10 22,129 3768 Apr. 10 49203
464. 46 44664 6466 66. 46 46666
00127 21‚970 38635 06627 49367
· 64666 44666 6666 64666 46664

4446646. 6444444666 4644446644 M* 4444644661Εο
Apr.10 04608 35,55 Apul 5298ss
111. 19 44646 6646 66. 46 64666

66444 44446 6666 66444 64644
66666 44644Ι 6664 Dec. 66 64646

3774346. 0172427‚146÷124432,62 1781111. 1172455975 ÷1299
Apr. 10 27‚059 8262 Apr. 10 55,358
Jul. 19 96975 3255 Jul. 19 55628
06627 26893 82699 06627 55699
Dec.66 26‚818 3216 Dec. 66 5556?

1775'1111. 0172429614412442894 17851111. 6444466644 ,44444
Ἀρι. 10 29597 2866 Apr. 10 58886
644. 19 46464 4664 64. 46 66646
00127 99,s96 2798 00127 58‚499
‚Dec.66 29,ssssss 27‚89 Dec.66. ’53547

4646966. 4444464446 4444444646 666446. 64446 4664 44446
466 4444 44 464 464
66644 64646 4464 66644 4646
466666 64666 4464 Dec.6⁶ 4644

4444466. 6444464444 4444444666 '1515'1111‘01725 1,910÷1299
464. 46 64664 4664 146. 46 4646
’ 11119 64664 4466 ¹111. 19 4466
66644 64646 4666 Ι64644 4646
Dec„ 66 64666( 4666 ξυοο. 66 4666

4446646. 0179197‚111÷191119,70 4466466. 44446 4646 Ἶ64446
466. 46 97,109 4466 Apr. 10 4664

· 11119 64466 4466 11. 19 6664
6644 64646 4646 66444 6666
Dec.6⁶ 64664 664 Dec. 66 6644

Ἰ44444 664 178911111. 64446 9,712÷1219
. 664 464. 46 6646
464 46. 46 6644
464 001 44 6646
666 66666 6646

 

